read problem
[ 1 iterations]
real=[[25, 17, 11, 9, 27, 2, 5, 0], [26, 17, 28, 12, 16, 7, 5, 0], [28, 24, 21, 1, 14, 26, 18, 0], [22, 18, 28, 1, 16, 17, 19, 0], [28, 3, 8, 10, 7, 2, 19, 0], [22, 16, 8, 1, 9, 27, 15, 0], [27, 26, 11, 7, 16, 6, 10, 0], [22, 24, 6, 7, 20, 19, 5, 0], [24, 1, 15, 4, 23, 11, 5, 0], [5, 24, 8, 18, 20, 19, 0, 0]]
gen=[[17, 5, 25, 27, 9, 11, 2, 0], [17, 26, 28, 5, 16, 12, 7, 0], [26, 28, 24, 21, 18, 14, 1, 0], [28, 17, 22, 18, 19, 16, 1, 0], [28, 3, 10, 19, 7, 8, 2, 0], [22, 27, 8, 16, 1, 15, 9, 0], [26, 27, 16, 6, 10, 11, 7, 0], [22, 5, 24, 20, 7, 6, 19, 0], [5, 24, 11, 23, 15, 4, 1, 0], [5, 24, 20, 18, 8, 19, 0, 0]]
valid routes=1.0
norm-reward=0.7703871969480853
[ 2 iterations]
real=[[25, 27, 8, 7, 20, 0, 0, 0], [25, 24, 8, 14, 4, 26, 15, 0], [25, 24, 8, 15, 20, 11, 21, 0], [28, 10, 8, 9, 23, 22, 21, 0], [21, 28, 15, 1, 20, 13, 18, 0], [25, 24, 11, 12, 26, 6, 17, 0], [28, 3, 24, 1, 27, 17, 12, 0], [21, 17, 3, 9, 16, 20, 12, 0], [28, 24, 10, 15, 4, 20, 25, 0], [12, 6, 8, 15, 16, 13, 0, 0]]
gen=[[25, 20, 27, 7, 8, 0, 0, 0], [25, 26, 24, 14, 8, 4, 15, 0], [25, 20, 24, 21, 8, 15, 11, 0], [28, 22, 21, 10, 23, 9, 8, 0], [28, 20, 21, 13, 15, 1, 18, 0], [25, 17, 26, 24, 6, 11, 12, 0], [28, 17, 27, 24, 3, 1, 12, 0], [17, 20, 21, 3, 16, 9, 12, 0], [25, 28, 20, 24, 10, 4, 15, 0], [13, 16, 15, 12, 6, 8, 0, 0]]
valid routes=1.0
norm-reward=0.7904256629896576
[ 3 iterations]
real=[[25, 26, 11, 1, 9, 7, 10, 0], [28, 3, 8, 1, 16, 11, 23, 0], [21, 20, 11, 15, 4, 19, 25, 0], [25, 16, 24, 20, 2, 13, 21, 0], [21, 26, 8, 14, 9, 20, 5, 0], [25, 24, 22, 1, 15, 27, 18, 0], [25, 24, 27, 15, 23, 2, 12, 0], [25, 26, 8, 10, 16, 6, 12, 0], [25, 17, 24, 15, 0, 0, 0, 0], [22, 20, 8, 15, 7, 6, 28, 0]]
gen=[[25, 26, 10, 9, 1, 7, 11, 0], [28, 3, 16, 11, 1, 8, 23, 0], [25, 20, 21, 15, 4, 19, 11, 0], [25, 20, 24, 21, 2, 16, 13, 0], [20, 26, 21, 5, 14, 8, 9, 0], [25, 22, 24, 27, 18, 1, 15, 0], [25, 27, 24, 2, 12, 23, 15, 0], [25, 26, 16, 10, 12, 6, 8, 0], [25, 17, 24, 15, 0, 0, 0, 0], [28, 22, 20, 7, 15, 6, 8, 0]]
valid routes=1.0
norm-reward=0.7959584124000831
[ 4 iterations]
real=[[16, 14, 3, 4, 7, 11, 19, 0], [21, 15, 3, 4, 23, 6, 12, 0], [21, 18, 23, 12, 2, 13, 19, 0], [27, 26, 22, 15, 9, 11, 12, 0], [24, 6, 23, 1, 20, 7, 19, 0], [22, 6, 0, 0, 0, 0, 0, 0], [25, 3, 1, 4, 23, 2, 21, 0], [25, 24, 11, 7, 20, 6, 10, 0], [28, 27, 10, 4, 8, 19, 21, 0], [28, 27, 10, 21, 20, 11, 18, 0]]
gen=[[7, 3, 16, 14, 11, 19, 4, 0], [21, 6, 3, 15, 4, 12, 23, 0], [21, 2, 12, 18, 19, 13, 23, 0], [22, 26, 27, 12, 9, 11, 15, 0], [20, 24, 6, 23, 1, 19, 7, 0], [22, 6, 0, 0, 0, 0, 0, 0], [25, 21, 2, 3, 1, 4, 23, 0], [25, 24, 20, 6, 7, 11, 10, 0], [28, 21, 27, 4, 8, 19, 10, 0], [28, 20, 21, 27, 18, 11, 10, 0]]
valid routes=1.0
norm-reward=0.7881404612315246
[ 5 iterations]
real=[[22, 18, 0, 0, 0, 0, 0, 0], [21, 26, 1, 9, 20, 13, 17, 0], [24, 16, 22, 21, 23, 13, 18, 0], [25, 28, 3, 4, 7, 13, 12, 0], [22, 23, 3, 21, 9, 17, 19, 0], [28, 3, 27, 15, 7, 18, 12, 0], [25, 16, 14, 7, 23, 6, 18, 0], [25, 26, 22, 7, 23, 13, 12, 0], [26, 13, 27, 7, 20, 2, 3, 0], [21, 3, 20, 12, 16, 13, 5, 0]]
gen=[[22, 18, 0, 0, 0, 0, 0, 0], [21, 17, 26, 20, 1, 9, 13, 0], [22, 21, 24, 16, 18, 13, 23, 0], [28, 25, 3, 7, 12, 4, 13, 0], [22, 17, 21, 3, 23, 19, 9, 0], [28, 27, 3, 15, 18, 7, 12, 0], [25, 6, 16, 14, 23, 18, 7, 0], [25, 22, 26, 12, 23, 13, 7, 0], [2, 26, 27, 3, 20, 7, 13, 0], [21, 20, 5, 3, 12, 16, 13, 0]]
valid routes=1.0
norm-reward=0.7995607195987454
[ 6 iterations]
real=[[25, 26, 21, 12, 23, 13, 0, 0], [22, 24, 14, 15, 3, 6, 21, 0], [12, 19, 27, 0, 0, 0, 0, 0], [6, 3, 8, 18, 0, 0, 0, 0], [22, 13, 8, 4, 9, 2, 5, 0], [2, 3, 11, 6, 8, 0, 0, 0], [4, 16, 11, 14, 13, 0, 0, 0], [25, 20, 21, 4, 23, 11, 19, 0], [21, 26, 6, 1, 4, 13, 16, 0], [1, 3, 24, 12, 4, 26, 0, 0]]
gen=[[21, 25, 26, 13, 12, 23, 0, 0], [21, 22, 24, 3, 15, 14, 6, 0], [27, 19, 12, 0, 0, 0, 0, 0], [18, 3, 6, 8, 0, 0, 0, 0], [22, 2, 5, 8, 9, 4, 13, 0], [2, 6, 3, 8, 11, 0, 0, 0], [11, 13, 14, 16, 4, 0, 0, 0], [21, 25, 20, 19, 23, 11, 4, 0], [21, 26, 16, 6, 1, 13, 4, 0], [26, 24, 3, 4, 1, 12, 0, 0]]
valid routes=1.0
norm-reward=0.8109771158244506
[ 7 iterations]
real=[[25, 24, 22, 14, 23, 2, 19, 0], [6, 14, 10, 12, 15, 0, 0, 0], [13, 0, 0, 0, 0, 0, 0, 0], [13, 3, 11, 9, 23, 19, 0, 0], [26, 14, 15, 20, 23, 6, 5, 0], [20, 16, 28, 4, 7, 2, 19, 0], [24, 26, 14, 9, 20, 7, 23, 0], [28, 17, 27, 20, 26, 13, 25, 0], [28, 24, 8, 14, 27, 20, 19, 0], [21, 26, 6, 18, 9, 2, 3, 0]]
gen=[[25, 22, 24, 2, 14, 23, 19, 0], [6, 14, 12, 10, 15, 0, 0, 0], [13, 0, 0, 0, 0, 0, 0, 0], [13, 3, 19, 9, 23, 11, 0, 0], [20, 26, 5, 6, 14, 15, 23, 0], [28, 2, 20, 16, 19, 7, 4, 0], [20, 26, 24, 14, 9, 7, 23, 0], [25, 17, 28, 26, 27, 13, 20, 0], [28, 24, 27, 20, 14, 8, 19, 0], [21, 26, 2, 3, 6, 18, 9, 0]]
valid routes=1.0
norm-reward=0.8105153635676637
[ 8 iterations]
real=[[25, 27, 21, 15, 20, 6, 12, 0], [27, 0, 0, 0, 0, 0, 0, 0], [23, 0, 0, 0, 0, 0, 0, 0], [25, 17, 15, 1, 20, 13, 23, 0], [24, 1, 10, 18, 8, 13, 19, 0], [27, 17, 10, 12, 14, 19, 5, 0], [5, 16, 0, 0, 0, 0, 0, 0], [28, 17, 3, 26, 16, 2, 19, 0], [21, 26, 8, 10, 20, 17, 18, 0], [18, 10, 0, 0, 0, 0, 0, 0]]
gen=[[21, 25, 27, 20, 6, 15, 12, 0], [27, 0, 0, 0, 0, 0, 0, 0], [23, 0, 0, 0, 0, 0, 0, 0], [25, 17, 20, 13, 15, 1, 23, 0], [10, 24, 18, 1, 13, 8, 19, 0], [17, 27, 5, 14, 10, 19, 12, 0], [5, 16, 0, 0, 0, 0, 0, 0], [28, 17, 26, 2, 16, 3, 19, 0], [21, 17, 26, 20, 8, 18, 10, 0], [18, 10, 0, 0, 0, 0, 0, 0]]
valid routes=1.0
norm-reward=0.8048117267158491
[ 9 iterations]
real=[[25, 3, 22, 15, 16, 6, 19, 0], [17, 26, 15, 1, 9, 7, 10, 0], [18, 17, 1, 4, 23, 7, 12, 0], [20, 17, 10, 1, 14, 19, 18, 0], [27, 16, 23, 1, 20, 2, 19, 0], [28, 17, 15, 23, 16, 6, 18, 0], [28, 3, 10, 1, 16, 6, 19, 0], [27, 17, 23, 9, 16, 7, 18, 0], [22, 24, 14, 1, 13, 6, 18, 0], [10, 27, 0, 0, 0, 0, 0, 0]]
gen=[[25, 22, 3, 6, 16, 19, 15, 0], [17, 26, 15, 7, 9, 1, 10, 0], [17, 7, 18, 1, 12, 23, 4, 0], [17, 20, 18, 14, 19, 1, 10, 0], [2, 27, 20, 19, 16, 23, 1, 0], [28, 17, 16, 6, 18, 15, 23, 0], [28, 6, 3, 16, 19, 10, 1, 0], [17, 27, 16, 18, 23, 7, 9, 0], [22, 24, 6, 14, 1, 18, 13, 0], [27, 10, 0, 0, 0, 0, 0, 0]]
valid routes=1.0
norm-reward=0.8016619070881669
[ 10 iterations]
real=[[27, 5, 21, 1, 26, 11, 12, 0], [28, 26, 10, 4, 27, 11, 21, 0], [26, 24, 27, 1, 7, 13, 11, 0], [1, 6, 27, 9, 20, 0, 0, 0], [22, 17, 26, 1, 18, 2, 12, 0], [27, 24, 14, 15, 9, 7, 18, 0], [17, 16, 15, 1, 20, 11, 7, 0], [22, 17, 27, 9, 20, 7, 3, 0], [25, 3, 10, 9, 7, 24, 18, 0], [4, 13, 18, 0, 0, 0, 0, 0]]
gen=[[21, 26, 5, 27, 11, 12, 1, 0], [21, 28, 26, 27, 10, 11, 4, 0], [26, 24, 27, 11, 7, 13, 1, 0], [20, 27, 6, 9, 1, 0, 0, 0], [22, 17, 26, 2, 1, 12, 18, 0], [27, 24, 15, 14, 18, 7, 9, 0], [17, 20, 16, 1, 11, 7, 15, 0], [22, 17, 3, 27, 7, 9, 20, 0], [25, 24, 3, 18, 10, 7, 9, 0], [13, 18, 4, 0, 0, 0, 0, 0]]
valid routes=1.0
norm-reward=0.7983769270679907
[ 11 iterations]
real=[[25, 17, 11, 9, 27, 2, 5, 0], [26, 17, 28, 12, 16, 7, 5, 0], [28, 24, 21, 1, 14, 26, 18, 0], [22, 18, 28, 1, 16, 17, 19, 0], [28, 3, 8, 10, 7, 2, 19, 0], [22, 16, 8, 1, 9, 27, 15, 0], [27, 26, 11, 7, 16, 6, 10, 0], [22, 24, 6, 7, 20, 19, 5, 0], [24, 1, 15, 4, 23, 11, 5, 0], [5, 24, 8, 18, 20, 19, 0, 0]]
gen=[[25, 17, 5, 27, 11, 9, 2, 0], [28, 17, 26, 5, 7, 12, 16, 0], [21, 28, 26, 24, 14, 1, 18, 0], [28, 17, 22, 19, 18, 16, 1, 0], [28, 2, 3, 10, 19, 7, 8, 0], [22, 27, 16, 8, 9, 1, 15, 0], [26, 6, 27, 11, 16, 7, 10, 0], [22, 24, 5, 20, 6, 19, 7, 0], [24, 5, 11, 15, 23, 4, 1, 0], [20, 24, 5, 18, 19, 8, 0, 0]]
valid routes=1.0
norm-reward=0.7912820835674761
[ 12 iterations]
real=[[25, 27, 8, 7, 20, 0, 0, 0], [25, 24, 8, 14, 4, 26, 15, 0], [25, 24, 8, 15, 20, 11, 21, 0], [28, 10, 8, 9, 23, 22, 21, 0], [21, 28, 15, 1, 20, 13, 18, 0], [25, 24, 11, 12, 26, 6, 17, 0], [28, 3, 24, 1, 27, 17, 12, 0], [21, 17, 3, 9, 16, 20, 12, 0], [28, 24, 10, 15, 4, 20, 25, 0], [12, 6, 8, 15, 16, 13, 0, 0]]
gen=[[25, 27, 8, 20, 7, 0, 0, 0], [25, 26, 24, 14, 8, 15, 4, 0], [21, 25, 24, 11, 15, 20, 8, 0], [21, 28, 22, 23, 9, 10, 8, 0], [21, 28, 20, 18, 13, 1, 15, 0], [25, 17, 26, 24, 11, 6, 12, 0], [28, 17, 24, 27, 3, 1, 12, 0], [21, 17, 20, 16, 3, 12, 9, 0], [25, 28, 24, 20, 10, 15, 4, 0], [13, 6, 15, 8, 12, 16, 0, 0]]
valid routes=1.0
norm-reward=0.7989094177216209
[ 13 iterations]
real=[[25, 26, 11, 1, 9, 7, 10, 0], [28, 3, 8, 1, 16, 11, 23, 0], [21, 20, 11, 15, 4, 19, 25, 0], [25, 16, 24, 20, 2, 13, 21, 0], [21, 26, 8, 14, 9, 20, 5, 0], [25, 24, 22, 1, 15, 27, 18, 0], [25, 24, 27, 15, 23, 2, 12, 0], [25, 26, 8, 10, 16, 6, 12, 0], [25, 17, 24, 15, 0, 0, 0, 0], [22, 20, 8, 15, 7, 6, 28, 0]]
gen=[[25, 26, 11, 7, 1, 9, 10, 0], [28, 11, 3, 23, 16, 1, 8, 0], [21, 25, 11, 19, 15, 4, 20, 0], [21, 25, 24, 2, 20, 13, 16, 0], [21, 26, 5, 14, 20, 9, 8, 0], [25, 22, 24, 27, 1, 15, 18, 0], [25, 24, 2, 27, 23, 12, 15, 0], [25, 26, 6, 16, 12, 10, 8, 0], [25, 17, 24, 15, 0, 0, 0, 0], [28, 22, 20, 6, 7, 8, 15, 0]]
valid routes=1.0
norm-reward=0.7932517857106427
[ 14 iterations]
real=[[16, 14, 3, 4, 7, 11, 19, 0], [21, 15, 3, 4, 23, 6, 12, 0], [21, 18, 23, 12, 2, 13, 19, 0], [27, 26, 22, 15, 9, 11, 12, 0], [24, 6, 23, 1, 20, 7, 19, 0], [22, 6, 0, 0, 0, 0, 0, 0], [25, 3, 1, 4, 23, 2, 21, 0], [25, 24, 11, 7, 20, 6, 10, 0], [28, 27, 10, 4, 8, 19, 21, 0], [28, 27, 10, 21, 20, 11, 18, 0]]
gen=[[14, 11, 3, 7, 19, 4, 16, 0], [21, 6, 3, 4, 12, 15, 23, 0], [21, 2, 19, 23, 13, 18, 12, 0], [22, 26, 11, 27, 12, 9, 15, 0], [20, 24, 6, 19, 23, 7, 1, 0], [22, 6, 0, 0, 0, 0, 0, 0], [21, 25, 3, 2, 23, 4, 1, 0], [25, 24, 11, 6, 20, 10, 7, 0], [21, 28, 27, 10, 19, 4, 8, 0], [21, 28, 11, 27, 20, 18, 10, 0]]
valid routes=1.0
norm-reward=0.7957044567678518
[ 15 iterations]
real=[[22, 18, 0, 0, 0, 0, 0, 0], [21, 26, 1, 9, 20, 13, 17, 0], [24, 16, 22, 21, 23, 13, 18, 0], [25, 28, 3, 4, 7, 13, 12, 0], [22, 23, 3, 21, 9, 17, 19, 0], [28, 3, 27, 15, 7, 18, 12, 0], [25, 16, 14, 7, 23, 6, 18, 0], [25, 26, 22, 7, 23, 13, 12, 0], [26, 13, 27, 7, 20, 2, 3, 0], [21, 3, 20, 12, 16, 13, 5, 0]]
gen=[[22, 18, 0, 0, 0, 0, 0, 0], [21, 17, 26, 20, 13, 9, 1, 0], [21, 22, 24, 23, 13, 18, 16, 0], [25, 28, 3, 13, 12, 7, 4, 0], [21, 17, 22, 3, 19, 23, 9, 0], [28, 3, 27, 15, 12, 7, 18, 0], [25, 6, 23, 14, 16, 7, 18, 0], [25, 22, 26, 23, 13, 7, 12, 0], [2, 26, 3, 27, 13, 7, 20, 0], [21, 13, 5, 3, 12, 20, 16, 0]]
valid routes=1.0
norm-reward=0.7901666712158482
[ 16 iterations]
real=[[25, 26, 21, 12, 23, 13, 0, 0], [22, 24, 14, 15, 3, 6, 21, 0], [12, 19, 27, 0, 0, 0, 0, 0], [6, 3, 8, 18, 0, 0, 0, 0], [22, 13, 8, 4, 9, 2, 5, 0], [2, 3, 11, 6, 8, 0, 0, 0], [4, 16, 11, 14, 13, 0, 0, 0], [25, 20, 21, 4, 23, 11, 19, 0], [21, 26, 6, 1, 4, 13, 16, 0], [1, 3, 24, 12, 4, 26, 0, 0]]
gen=[[21, 25, 26, 23, 12, 13, 0, 0], [21, 24, 22, 6, 3, 14, 15, 0], [27, 19, 12, 0, 0, 0, 0, 0], [6, 3, 8, 18, 0, 0, 0, 0], [22, 2, 5, 9, 4, 13, 8, 0], [2, 11, 6, 3, 8, 0, 0, 0], [11, 13, 16, 4, 14, 0, 0, 0], [21, 25, 11, 19, 23, 4, 20, 0], [21, 26, 6, 4, 1, 13, 16, 0], [26, 24, 3, 4, 12, 1, 0, 0]]
valid routes=1.0
norm-reward=0.7868812644328393
[ 17 iterations]
real=[[25, 24, 22, 14, 23, 2, 19, 0], [6, 14, 10, 12, 15, 0, 0, 0], [13, 0, 0, 0, 0, 0, 0, 0], [13, 3, 11, 9, 23, 19, 0, 0], [26, 14, 15, 20, 23, 6, 5, 0], [20, 16, 28, 4, 7, 2, 19, 0], [24, 26, 14, 9, 20, 7, 23, 0], [28, 17, 27, 20, 26, 13, 25, 0], [28, 24, 8, 14, 27, 20, 19, 0], [21, 26, 6, 18, 9, 2, 3, 0]]
gen=[[25, 22, 19, 24, 14, 23, 2, 0], [6, 14, 10, 12, 15, 0, 0, 0], [13, 0, 0, 0, 0, 0, 0, 0], [11, 19, 3, 23, 13, 9, 0, 0], [20, 26, 6, 5, 14, 23, 15, 0], [28, 19, 20, 2, 16, 7, 4, 0], [26, 24, 14, 23, 7, 9, 20, 0], [25, 17, 28, 26, 13, 27, 20, 0], [28, 24, 19, 27, 14, 8, 20, 0], [21, 26, 6, 2, 3, 18, 9, 0]]
valid routes=1.0
norm-reward=0.7832624916443304
[ 18 iterations]
real=[[25, 27, 21, 15, 20, 6, 12, 0], [27, 0, 0, 0, 0, 0, 0, 0], [23, 0, 0, 0, 0, 0, 0, 0], [25, 17, 15, 1, 20, 13, 23, 0], [24, 1, 10, 18, 8, 13, 19, 0], [27, 17, 10, 12, 14, 19, 5, 0], [5, 16, 0, 0, 0, 0, 0, 0], [28, 17, 3, 26, 16, 2, 19, 0], [21, 26, 8, 10, 20, 17, 18, 0], [18, 10, 0, 0, 0, 0, 0, 0]]
gen=[[21, 25, 6, 27, 15, 20, 12, 0], [27, 0, 0, 0, 0, 0, 0, 0], [23, 0, 0, 0, 0, 0, 0, 0], [25, 17, 23, 20, 13, 15, 1, 0], [24, 19, 10, 18, 13, 8, 1, 0], [17, 19, 5, 27, 14, 12, 10, 0], [5, 16, 0, 0, 0, 0, 0, 0], [28, 17, 26, 19, 3, 2, 16, 0], [21, 17, 26, 20, 18, 10, 8, 0], [18, 10, 0, 0, 0, 0, 0, 0]]
valid routes=1.0
norm-reward=0.7814342089140591
[ 19 iterations]
real=[[25, 3, 22, 15, 16, 6, 19, 0], [17, 26, 15, 1, 9, 7, 10, 0], [18, 17, 1, 4, 23, 7, 12, 0], [20, 17, 10, 1, 14, 19, 18, 0], [27, 16, 23, 1, 20, 2, 19, 0], [28, 17, 15, 23, 16, 6, 18, 0], [28, 3, 10, 1, 16, 6, 19, 0], [27, 17, 23, 9, 16, 7, 18, 0], [22, 24, 14, 1, 13, 6, 18, 0], [10, 27, 0, 0, 0, 0, 0, 0]]
gen=[[25, 22, 19, 6, 3, 15, 16, 0], [17, 26, 10, 15, 9, 7, 1, 0], [17, 4, 23, 18, 7, 12, 1, 0], [17, 19, 14, 20, 10, 18, 1, 0], [2, 19, 27, 23, 20, 1, 16, 0], [28, 17, 6, 23, 16, 18, 15, 0], [28, 6, 19, 10, 3, 16, 1, 0], [17, 27, 23, 18, 7, 9, 16, 0], [22, 24, 6, 14, 13, 1, 18, 0], [27, 10, 0, 0, 0, 0, 0, 0]]
valid routes=1.0
norm-reward=0.7908100995855782
[ 20 iterations]
real=[[27, 5, 21, 1, 26, 11, 12, 0], [28, 26, 10, 4, 27, 11, 21, 0], [26, 24, 27, 1, 7, 13, 11, 0], [1, 6, 27, 9, 20, 0, 0, 0], [22, 17, 26, 1, 18, 2, 12, 0], [27, 24, 14, 15, 9, 7, 18, 0], [17, 16, 15, 1, 20, 11, 7, 0], [22, 17, 27, 9, 20, 7, 3, 0], [25, 3, 10, 9, 7, 24, 18, 0], [4, 13, 18, 0, 0, 0, 0, 0]]
gen=[[21, 11, 26, 27, 5, 12, 1, 0], [21, 11, 28, 26, 27, 4, 10, 0], [27, 11, 26, 24, 1, 13, 7, 0], [20, 6, 27, 9, 1, 0, 0, 0], [22, 17, 26, 2, 18, 12, 1, 0], [27, 24, 9, 18, 14, 7, 15, 0], [17, 11, 20, 15, 7, 1, 16, 0], [22, 17, 3, 27, 9, 7, 20, 0], [25, 24, 10, 3, 7, 9, 18, 0], [18, 13, 4, 0, 0, 0, 0, 0]]
valid routes=1.0
norm-reward=0.7784751980813733
[ 21 iterations]
real=[[25, 17, 11, 9, 27, 2, 5, 0], [26, 17, 28, 12, 16, 7, 5, 0], [28, 24, 21, 1, 14, 26, 18, 0], [22, 18, 28, 1, 16, 17, 19, 0], [28, 3, 8, 10, 7, 2, 19, 0], [22, 16, 8, 1, 9, 27, 15, 0], [27, 26, 11, 7, 16, 6, 10, 0], [22, 24, 6, 7, 20, 19, 5, 0], [24, 1, 15, 4, 23, 11, 5, 0], [5, 24, 8, 18, 20, 19, 0, 0]]
gen=[[25, 17, 11, 2, 27, 5, 9, 0], [28, 17, 26, 5, 12, 16, 7, 0], [21, 28, 26, 24, 18, 1, 14, 0], [28, 17, 22, 19, 18, 16, 1, 0], [28, 19, 10, 2, 3, 8, 7, 0], [22, 27, 9, 15, 16, 8, 1, 0], [27, 11, 26, 6, 16, 10, 7, 0], [22, 19, 6, 24, 5, 7, 20, 0], [11, 24, 5, 23, 4, 15, 1, 0], [19, 24, 20, 5, 18, 8, 0, 0]]
valid routes=1.0
norm-reward=0.7774434621660392
[ 22 iterations]
real=[[25, 27, 8, 7, 20, 0, 0, 0], [25, 24, 8, 14, 4, 26, 15, 0], [25, 24, 8, 15, 20, 11, 21, 0], [28, 10, 8, 9, 23, 22, 21, 0], [21, 28, 15, 1, 20, 13, 18, 0], [25, 24, 11, 12, 26, 6, 17, 0], [28, 3, 24, 1, 27, 17, 12, 0], [21, 17, 3, 9, 16, 20, 12, 0], [28, 24, 10, 15, 4, 20, 25, 0], [12, 6, 8, 15, 16, 13, 0, 0]]
gen=[[25, 27, 8, 20, 7, 0, 0, 0], [25, 26, 24, 4, 14, 8, 15, 0], [25, 21, 11, 24, 15, 20, 8, 0], [28, 21, 22, 10, 23, 8, 9, 0], [28, 21, 20, 1, 18, 15, 13, 0], [25, 17, 11, 26, 24, 6, 12, 0], [28, 17, 27, 24, 3, 12, 1, 0], [21, 17, 20, 3, 12, 9, 16, 0], [25, 28, 10, 24, 4, 20, 15, 0], [6, 13, 8, 15, 12, 16, 0, 0]]
valid routes=1.0
norm-reward=0.7815965208212585
[ 23 iterations]
real=[[25, 26, 11, 1, 9, 7, 10, 0], [28, 3, 8, 1, 16, 11, 23, 0], [21, 20, 11, 15, 4, 19, 25, 0], [25, 16, 24, 20, 2, 13, 21, 0], [21, 26, 8, 14, 9, 20, 5, 0], [25, 24, 22, 1, 15, 27, 18, 0], [25, 24, 27, 15, 23, 2, 12, 0], [25, 26, 8, 10, 16, 6, 12, 0], [25, 17, 24, 15, 0, 0, 0, 0], [22, 20, 8, 15, 7, 6, 28, 0]]
gen=[[25, 11, 26, 10, 7, 9, 1, 0], [28, 11, 23, 8, 3, 16, 1, 0], [25, 21, 11, 19, 4, 20, 15, 0], [25, 21, 24, 2, 13, 16, 20, 0], [21, 26, 20, 5, 14, 9, 8, 0], [25, 22, 24, 27, 15, 1, 18, 0], [25, 24, 27, 2, 23, 12, 15, 0], [25, 26, 6, 10, 16, 8, 12, 0], [25, 17, 24, 15, 0, 0, 0, 0], [28, 22, 6, 20, 7, 15, 8, 0]]
valid routes=1.0
norm-reward=0.7792606232429353
[ 24 iterations]
real=[[16, 14, 3, 4, 7, 11, 19, 0], [21, 15, 3, 4, 23, 6, 12, 0], [21, 18, 23, 12, 2, 13, 19, 0], [27, 26, 22, 15, 9, 11, 12, 0], [24, 6, 23, 1, 20, 7, 19, 0], [22, 6, 0, 0, 0, 0, 0, 0], [25, 3, 1, 4, 23, 2, 21, 0], [25, 24, 11, 7, 20, 6, 10, 0], [28, 27, 10, 4, 8, 19, 21, 0], [28, 27, 10, 21, 20, 11, 18, 0]]
gen=[[11, 19, 3, 4, 14, 16, 7, 0], [6, 21, 23, 3, 4, 15, 12, 0], [21, 19, 2, 23, 13, 18, 12, 0], [22, 11, 26, 27, 15, 9, 12, 0], [6, 19, 24, 23, 7, 1, 20, 0], [22, 6, 0, 0, 0, 0, 0, 0], [25, 21, 2, 23, 4, 3, 1, 0], [6, 25, 11, 24, 10, 20, 7, 0], [28, 21, 19, 27, 10, 4, 8, 0], [28, 21, 11, 27, 10, 18, 20, 0]]
valid routes=1.0
norm-reward=0.7762833036924378
[ 25 iterations]
real=[[22, 18, 0, 0, 0, 0, 0, 0], [21, 26, 1, 9, 20, 13, 17, 0], [24, 16, 22, 21, 23, 13, 18, 0], [25, 28, 3, 4, 7, 13, 12, 0], [22, 23, 3, 21, 9, 17, 19, 0], [28, 3, 27, 15, 7, 18, 12, 0], [25, 16, 14, 7, 23, 6, 18, 0], [25, 26, 22, 7, 23, 13, 12, 0], [26, 13, 27, 7, 20, 2, 3, 0], [21, 3, 20, 12, 16, 13, 5, 0]]
gen=[[22, 18, 0, 0, 0, 0, 0, 0], [21, 17, 26, 20, 1, 9, 13, 0], [22, 21, 24, 23, 18, 13, 16, 0], [25, 28, 3, 7, 12, 4, 13, 0], [22, 17, 21, 19, 3, 9, 23, 0], [28, 27, 3, 7, 18, 12, 15, 0], [25, 6, 7, 23, 18, 14, 16, 0], [22, 25, 26, 23, 7, 12, 13, 0], [2, 26, 27, 7, 3, 13, 20, 0], [21, 16, 20, 3, 5, 13, 12, 0]]
valid routes=1.0
norm-reward=0.7864121151939151
[ 26 iterations]
real=[[25, 26, 21, 12, 23, 13, 0, 0], [22, 24, 14, 15, 3, 6, 21, 0], [12, 19, 27, 0, 0, 0, 0, 0], [6, 3, 8, 18, 0, 0, 0, 0], [22, 13, 8, 4, 9, 2, 5, 0], [2, 3, 11, 6, 8, 0, 0, 0], [4, 16, 11, 14, 13, 0, 0, 0], [25, 20, 21, 4, 23, 11, 19, 0], [21, 26, 6, 1, 4, 13, 16, 0], [1, 3, 24, 12, 4, 26, 0, 0]]
gen=[[25, 21, 26, 23, 13, 12, 0, 0], [6, 21, 22, 24, 14, 3, 15, 0], [19, 27, 12, 0, 0, 0, 0, 0], [6, 3, 18, 8, 0, 0, 0, 0], [22, 2, 5, 9, 4, 13, 8, 0], [6, 11, 3, 2, 8, 0, 0, 0], [11, 14, 16, 13, 4, 0, 0, 0], [25, 21, 11, 19, 4, 20, 23, 0], [6, 21, 26, 1, 4, 16, 13, 0], [24, 26, 3, 12, 1, 4, 0, 0]]
valid routes=1.0
norm-reward=0.7785100405806968
[ 27 iterations]
real=[[25, 24, 22, 14, 23, 2, 19, 0], [6, 14, 10, 12, 15, 0, 0, 0], [13, 0, 0, 0, 0, 0, 0, 0], [13, 3, 11, 9, 23, 19, 0, 0], [26, 14, 15, 20, 23, 6, 5, 0], [20, 16, 28, 4, 7, 2, 19, 0], [24, 26, 14, 9, 20, 7, 23, 0], [28, 17, 27, 20, 26, 13, 25, 0], [28, 24, 8, 14, 27, 20, 19, 0], [21, 26, 6, 18, 9, 2, 3, 0]]
gen=[[22, 25, 19, 24, 2, 23, 14, 0], [6, 10, 15, 14, 12, 0, 0, 0], [13, 0, 0, 0, 0, 0, 0, 0], [11, 19, 3, 23, 13, 9, 0, 0], [6, 26, 20, 23, 14, 5, 15, 0], [28, 19, 20, 2, 7, 4, 16, 0], [24, 26, 14, 23, 20, 9, 7, 0], [25, 17, 28, 27, 26, 13, 20, 0], [28, 24, 19, 27, 14, 8, 20, 0], [6, 21, 26, 2, 18, 3, 9, 0]]
valid routes=1.0
norm-reward=0.7808837591428083
[ 28 iterations]
real=[[25, 27, 21, 15, 20, 6, 12, 0], [27, 0, 0, 0, 0, 0, 0, 0], [23, 0, 0, 0, 0, 0, 0, 0], [25, 17, 15, 1, 20, 13, 23, 0], [24, 1, 10, 18, 8, 13, 19, 0], [27, 17, 10, 12, 14, 19, 5, 0], [5, 16, 0, 0, 0, 0, 0, 0], [28, 17, 3, 26, 16, 2, 19, 0], [21, 26, 8, 10, 20, 17, 18, 0], [18, 10, 0, 0, 0, 0, 0, 0]]
gen=[[6, 25, 21, 27, 15, 20, 12, 0], [27, 0, 0, 0, 0, 0, 0, 0], [23, 0, 0, 0, 0, 0, 0, 0], [25, 17, 23, 20, 13, 1, 15, 0], [24, 19, 10, 18, 8, 13, 1, 0], [27, 17, 19, 10, 14, 5, 12, 0], [5, 16, 0, 0, 0, 0, 0, 0], [28, 17, 19, 26, 2, 3, 16, 0], [21, 17, 26, 18, 10, 8, 20, 0], [18, 10, 0, 0, 0, 0, 0, 0]]
valid routes=1.0
norm-reward=0.7696647543182258
[ 29 iterations]
real=[[25, 3, 22, 15, 16, 6, 19, 0], [17, 26, 15, 1, 9, 7, 10, 0], [18, 17, 1, 4, 23, 7, 12, 0], [20, 17, 10, 1, 14, 19, 18, 0], [27, 16, 23, 1, 20, 2, 19, 0], [28, 17, 15, 23, 16, 6, 18, 0], [28, 3, 10, 1, 16, 6, 19, 0], [27, 17, 23, 9, 16, 7, 18, 0], [22, 24, 14, 1, 13, 6, 18, 0], [10, 27, 0, 0, 0, 0, 0, 0]]
gen=[[6, 25, 22, 19, 3, 16, 15, 0], [26, 17, 10, 1, 15, 9, 7, 0], [18, 17, 23, 4, 12, 1, 7, 0], [19, 17, 18, 20, 10, 14, 1, 0], [27, 19, 20, 23, 2, 16, 1, 0], [6, 17, 28, 18, 23, 16, 15, 0], [6, 28, 19, 10, 3, 1, 16, 0], [27, 17, 18, 23, 16, 7, 9, 0], [6, 24, 22, 18, 14, 1, 13, 0], [27, 10, 0, 0, 0, 0, 0, 0]]
valid routes=1.0
norm-reward=0.7725527317953338
[ 30 iterations]
real=[[27, 5, 21, 1, 26, 11, 12, 0], [28, 26, 10, 4, 27, 11, 21, 0], [26, 24, 27, 1, 7, 13, 11, 0], [1, 6, 27, 9, 20, 0, 0, 0], [22, 17, 26, 1, 18, 2, 12, 0], [27, 24, 14, 15, 9, 7, 18, 0], [17, 16, 15, 1, 20, 11, 7, 0], [22, 17, 27, 9, 20, 7, 3, 0], [25, 3, 10, 9, 7, 24, 18, 0], [4, 13, 18, 0, 0, 0, 0, 0]]
gen=[[21, 11, 27, 26, 5, 1, 12, 0], [28, 11, 21, 27, 26, 10, 4, 0], [24, 11, 27, 26, 13, 1, 7, 0], [6, 27, 20, 1, 9, 0, 0, 0], [22, 17, 26, 18, 2, 1, 12, 0], [24, 27, 18, 14, 7, 15, 9, 0], [20, 17, 11, 1, 16, 15, 7, 0], [22, 17, 27, 3, 7, 9, 20, 0], [25, 24, 18, 10, 3, 7, 9, 0], [18, 13, 4, 0, 0, 0, 0, 0]]
valid routes=1.0
norm-reward=0.7749403345744186
[ 31 iterations]
real=[[25, 17, 11, 9, 27, 2, 5, 0], [26, 17, 28, 12, 16, 7, 5, 0], [28, 24, 21, 1, 14, 26, 18, 0], [22, 18, 28, 1, 16, 17, 19, 0], [28, 3, 8, 10, 7, 2, 19, 0], [22, 16, 8, 1, 9, 27, 15, 0], [27, 26, 11, 7, 16, 6, 10, 0], [22, 24, 6, 7, 20, 19, 5, 0], [24, 1, 15, 4, 23, 11, 5, 0], [5, 24, 8, 18, 20, 19, 0, 0]]
gen=[[25, 17, 11, 27, 2, 5, 9, 0], [28, 17, 26, 16, 5, 7, 12, 0], [24, 28, 21, 26, 18, 14, 1, 0], [22, 17, 28, 19, 18, 1, 16, 0], [28, 10, 19, 8, 2, 3, 7, 0], [22, 27, 8, 1, 16, 15, 9, 0], [6, 11, 26, 27, 10, 16, 7, 0], [24, 6, 22, 19, 5, 20, 7, 0], [24, 11, 5, 1, 23, 4, 15, 0], [24, 19, 18, 20, 5, 8, 0, 0]]
valid routes=1.0
norm-reward=0.7838621504835166
[ 32 iterations]
real=[[25, 27, 8, 7, 20, 0, 0, 0], [25, 24, 8, 14, 4, 26, 15, 0], [25, 24, 8, 15, 20, 11, 21, 0], [28, 10, 8, 9, 23, 22, 21, 0], [21, 28, 15, 1, 20, 13, 18, 0], [25, 24, 11, 12, 26, 6, 17, 0], [28, 3, 24, 1, 27, 17, 12, 0], [21, 17, 3, 9, 16, 20, 12, 0], [28, 24, 10, 15, 4, 20, 25, 0], [12, 6, 8, 15, 16, 13, 0, 0]]
gen=[[25, 27, 20, 8, 7, 0, 0, 0], [25, 24, 26, 8, 14, 4, 15, 0], [25, 24, 11, 21, 20, 15, 8, 0], [22, 28, 21, 23, 10, 9, 8, 0], [28, 21, 18, 20, 13, 1, 15, 0], [25, 17, 11, 6, 24, 26, 12, 0], [24, 17, 28, 27, 3, 12, 1, 0], [21, 17, 20, 12, 3, 16, 9, 0], [25, 24, 28, 10, 4, 20, 15, 0], [6, 13, 16, 12, 8, 15, 0, 0]]
valid routes=1.0
norm-reward=0.7744255029223275
[ 33 iterations]
real=[[25, 26, 11, 1, 9, 7, 10, 0], [28, 3, 8, 1, 16, 11, 23, 0], [21, 20, 11, 15, 4, 19, 25, 0], [25, 16, 24, 20, 2, 13, 21, 0], [21, 26, 8, 14, 9, 20, 5, 0], [25, 24, 22, 1, 15, 27, 18, 0], [25, 24, 27, 15, 23, 2, 12, 0], [25, 26, 8, 10, 16, 6, 12, 0], [25, 17, 24, 15, 0, 0, 0, 0], [22, 20, 8, 15, 7, 6, 28, 0]]
gen=[[25, 11, 26, 1, 7, 9, 10, 0], [28, 11, 8, 23, 16, 3, 1, 0], [25, 11, 21, 19, 15, 20, 4, 0], [25, 24, 21, 20, 2, 13, 16, 0], [21, 26, 20, 5, 14, 9, 8, 0], [25, 24, 22, 27, 18, 15, 1, 0], [25, 24, 27, 23, 2, 12, 15, 0], [25, 6, 26, 12, 10, 8, 16, 0], [25, 24, 15, 17, 0, 0, 0, 0], [22, 28, 6, 20, 7, 8, 15, 0]]
valid routes=1.0
norm-reward=0.7716546127911944
[ 34 iterations]
real=[[16, 14, 3, 4, 7, 11, 19, 0], [21, 15, 3, 4, 23, 6, 12, 0], [21, 18, 23, 12, 2, 13, 19, 0], [27, 26, 22, 15, 9, 11, 12, 0], [24, 6, 23, 1, 20, 7, 19, 0], [22, 6, 0, 0, 0, 0, 0, 0], [25, 3, 1, 4, 23, 2, 21, 0], [25, 24, 11, 7, 20, 6, 10, 0], [28, 27, 10, 4, 8, 19, 21, 0], [28, 27, 10, 21, 20, 11, 18, 0]]
gen=[[11, 16, 19, 7, 3, 14, 4, 0], [6, 21, 12, 23, 3, 4, 15, 0], [21, 19, 12, 18, 2, 13, 23, 0], [22, 11, 12, 27, 26, 15, 9, 0], [24, 6, 19, 20, 23, 1, 7, 0], [22, 6, 0, 0, 0, 0, 0, 0], [25, 21, 23, 2, 3, 1, 4, 0], [25, 24, 11, 6, 20, 7, 10, 0], [28, 21, 19, 27, 10, 8, 4, 0], [28, 21, 11, 27, 18, 10, 20, 0]]
valid routes=1.0
norm-reward=0.7615745453328223
[ 35 iterations]
real=[[22, 18, 0, 0, 0, 0, 0, 0], [21, 26, 1, 9, 20, 13, 17, 0], [24, 16, 22, 21, 23, 13, 18, 0], [25, 28, 3, 4, 7, 13, 12, 0], [22, 23, 3, 21, 9, 17, 19, 0], [28, 3, 27, 15, 7, 18, 12, 0], [25, 16, 14, 7, 23, 6, 18, 0], [25, 26, 22, 7, 23, 13, 12, 0], [26, 13, 27, 7, 20, 2, 3, 0], [21, 3, 20, 12, 16, 13, 5, 0]]
gen=[[22, 18, 0, 0, 0, 0, 0, 0], [21, 17, 26, 20, 13, 1, 9, 0], [22, 24, 21, 18, 23, 13, 16, 0], [25, 28, 12, 13, 3, 7, 4, 0], [22, 17, 21, 19, 23, 9, 3, 0], [28, 18, 27, 12, 3, 15, 7, 0], [25, 6, 18, 23, 7, 16, 14, 0], [25, 22, 12, 26, 23, 13, 7, 0], [27, 26, 2, 20, 13, 3, 7, 0], [21, 20, 12, 13, 5, 3, 16, 0]]
valid routes=1.0
norm-reward=0.7687503706260315
[ 36 iterations]
real=[[25, 26, 21, 12, 23, 13, 0, 0], [22, 24, 14, 15, 3, 6, 21, 0], [12, 19, 27, 0, 0, 0, 0, 0], [6, 3, 8, 18, 0, 0, 0, 0], [22, 13, 8, 4, 9, 2, 5, 0], [2, 3, 11, 6, 8, 0, 0, 0], [4, 16, 11, 14, 13, 0, 0, 0], [25, 20, 21, 4, 23, 11, 19, 0], [21, 26, 6, 1, 4, 13, 16, 0], [1, 3, 24, 12, 4, 26, 0, 0]]
gen=[[25, 21, 12, 26, 13, 23, 0, 0], [22, 24, 6, 21, 14, 3, 15, 0], [19, 27, 12, 0, 0, 0, 0, 0], [6, 18, 3, 8, 0, 0, 0, 0], [22, 2, 8, 13, 5, 4, 9, 0], [6, 11, 2, 3, 8, 0, 0, 0], [13, 11, 16, 4, 14, 0, 0, 0], [25, 11, 21, 19, 23, 4, 20, 0], [6, 21, 26, 13, 1, 4, 16, 0], [24, 26, 12, 1, 3, 4, 0, 0]]
valid routes=1.0
norm-reward=0.7708948898120249
[ 37 iterations]
real=[[25, 24, 22, 14, 23, 2, 19, 0], [6, 14, 10, 12, 15, 0, 0, 0], [13, 0, 0, 0, 0, 0, 0, 0], [13, 3, 11, 9, 23, 19, 0, 0], [26, 14, 15, 20, 23, 6, 5, 0], [20, 16, 28, 4, 7, 2, 19, 0], [24, 26, 14, 9, 20, 7, 23, 0], [28, 17, 27, 20, 26, 13, 25, 0], [28, 24, 8, 14, 27, 20, 19, 0], [21, 26, 6, 18, 9, 2, 3, 0]]
gen=[[25, 24, 22, 19, 2, 23, 14, 0], [6, 12, 10, 14, 15, 0, 0, 0], [13, 0, 0, 0, 0, 0, 0, 0], [11, 13, 19, 23, 3, 9, 0, 0], [6, 26, 23, 20, 14, 5, 15, 0], [28, 19, 20, 7, 2, 4, 16, 0], [24, 26, 23, 20, 14, 7, 9, 0], [25, 17, 28, 27, 26, 13, 20, 0], [28, 24, 19, 27, 14, 20, 8, 0], [6, 21, 18, 26, 2, 3, 9, 0]]
valid routes=1.0
norm-reward=0.769982831467625
[ 38 iterations]
real=[[25, 27, 21, 15, 20, 6, 12, 0], [27, 0, 0, 0, 0, 0, 0, 0], [23, 0, 0, 0, 0, 0, 0, 0], [25, 17, 15, 1, 20, 13, 23, 0], [24, 1, 10, 18, 8, 13, 19, 0], [27, 17, 10, 12, 14, 19, 5, 0], [5, 16, 0, 0, 0, 0, 0, 0], [28, 17, 3, 26, 16, 2, 19, 0], [21, 26, 8, 10, 20, 17, 18, 0], [18, 10, 0, 0, 0, 0, 0, 0]]
gen=[[25, 6, 21, 12, 27, 15, 20, 0], [27, 0, 0, 0, 0, 0, 0, 0], [23, 0, 0, 0, 0, 0, 0, 0], [25, 17, 23, 20, 13, 1, 15, 0], [24, 18, 19, 10, 13, 8, 1, 0], [27, 17, 19, 12, 14, 5, 10, 0], [5, 16, 0, 0, 0, 0, 0, 0], [28, 17, 2, 19, 26, 16, 3, 0], [21, 17, 18, 26, 10, 8, 20, 0], [18, 10, 0, 0, 0, 0, 0, 0]]
valid routes=1.0
norm-reward=0.7657883253495396
[ 39 iterations]
real=[[25, 3, 22, 15, 16, 6, 19, 0], [17, 26, 15, 1, 9, 7, 10, 0], [18, 17, 1, 4, 23, 7, 12, 0], [20, 17, 10, 1, 14, 19, 18, 0], [27, 16, 23, 1, 20, 2, 19, 0], [28, 17, 15, 23, 16, 6, 18, 0], [28, 3, 10, 1, 16, 6, 19, 0], [27, 17, 23, 9, 16, 7, 18, 0], [22, 24, 14, 1, 13, 6, 18, 0], [10, 27, 0, 0, 0, 0, 0, 0]]
gen=[[25, 6, 22, 19, 3, 16, 15, 0], [26, 17, 10, 1, 9, 15, 7, 0], [18, 17, 23, 12, 4, 7, 1, 0], [18, 17, 19, 10, 14, 20, 1, 0], [27, 2, 19, 23, 1, 16, 20, 0], [28, 17, 6, 18, 23, 16, 15, 0], [28, 6, 19, 10, 3, 16, 1, 0], [18, 17, 27, 23, 16, 7, 9, 0], [22, 24, 6, 18, 13, 14, 1, 0], [27, 10, 0, 0, 0, 0, 0, 0]]
valid routes=1.0
norm-reward=0.7714267103899782
[ 40 iterations]
real=[[27, 5, 21, 1, 26, 11, 12, 0], [28, 26, 10, 4, 27, 11, 21, 0], [26, 24, 27, 1, 7, 13, 11, 0], [1, 6, 27, 9, 20, 0, 0, 0], [22, 17, 26, 1, 18, 2, 12, 0], [27, 24, 14, 15, 9, 7, 18, 0], [17, 16, 15, 1, 20, 11, 7, 0], [22, 17, 27, 9, 20, 7, 3, 0], [25, 3, 10, 9, 7, 24, 18, 0], [4, 13, 18, 0, 0, 0, 0, 0]]
gen=[[21, 11, 27, 12, 26, 1, 5, 0], [21, 28, 11, 27, 26, 10, 4, 0], [24, 11, 27, 26, 13, 7, 1, 0], [6, 27, 20, 1, 9, 0, 0, 0], [22, 17, 2, 12, 26, 18, 1, 0], [24, 18, 27, 15, 14, 7, 9, 0], [20, 17, 11, 1, 16, 15, 7, 0], [22, 17, 27, 20, 3, 7, 9, 0], [25, 24, 18, 10, 9, 7, 3, 0], [18, 13, 4, 0, 0, 0, 0, 0]]
valid routes=1.0
norm-reward=0.770295800448539
[ 41 iterations]
real=[[25, 17, 11, 9, 27, 2, 5, 0], [26, 17, 28, 12, 16, 7, 5, 0], [28, 24, 21, 1, 14, 26, 18, 0], [22, 18, 28, 1, 16, 17, 19, 0], [28, 3, 8, 10, 7, 2, 19, 0], [22, 16, 8, 1, 9, 27, 15, 0], [27, 26, 11, 7, 16, 6, 10, 0], [22, 24, 6, 7, 20, 19, 5, 0], [24, 1, 15, 4, 23, 11, 5, 0], [5, 24, 8, 18, 20, 19, 0, 0]]
gen=[[25, 17, 11, 2, 27, 5, 9, 0], [28, 17, 26, 12, 7, 5, 16, 0], [28, 24, 21, 18, 26, 1, 14, 0], [22, 17, 28, 19, 18, 1, 16, 0], [28, 2, 19, 10, 7, 3, 8, 0], [22, 27, 8, 1, 16, 9, 15, 0], [6, 11, 26, 27, 10, 7, 16, 0], [22, 24, 6, 19, 5, 20, 7, 0], [24, 11, 23, 1, 5, 15, 4, 0], [24, 18, 19, 8, 5, 20, 0, 0]]
valid routes=1.0
norm-reward=0.7717618839113687
[ 42 iterations]
real=[[25, 27, 8, 7, 20, 0, 0, 0], [25, 24, 8, 14, 4, 26, 15, 0], [25, 24, 8, 15, 20, 11, 21, 0], [28, 10, 8, 9, 23, 22, 21, 0], [21, 28, 15, 1, 20, 13, 18, 0], [25, 24, 11, 12, 26, 6, 17, 0], [28, 3, 24, 1, 27, 17, 12, 0], [21, 17, 3, 9, 16, 20, 12, 0], [28, 24, 10, 15, 4, 20, 25, 0], [12, 6, 8, 15, 16, 13, 0, 0]]
gen=[[25, 27, 20, 8, 7, 0, 0, 0], [25, 24, 26, 8, 14, 15, 4, 0], [25, 24, 11, 21, 20, 15, 8, 0], [22, 28, 21, 23, 10, 9, 8, 0], [28, 21, 18, 20, 13, 1, 15, 0], [25, 17, 11, 6, 24, 12, 26, 0], [28, 24, 27, 17, 12, 1, 3, 0], [21, 17, 12, 20, 3, 16, 9, 0], [25, 24, 28, 20, 10, 4, 15, 0], [6, 16, 12, 15, 13, 8, 0, 0]]
valid routes=1.0
norm-reward=0.7710686084087051
[ 43 iterations]
real=[[25, 26, 11, 1, 9, 7, 10, 0], [28, 3, 8, 1, 16, 11, 23, 0], [21, 20, 11, 15, 4, 19, 25, 0], [25, 16, 24, 20, 2, 13, 21, 0], [21, 26, 8, 14, 9, 20, 5, 0], [25, 24, 22, 1, 15, 27, 18, 0], [25, 24, 27, 15, 23, 2, 12, 0], [25, 26, 8, 10, 16, 6, 12, 0], [25, 17, 24, 15, 0, 0, 0, 0], [22, 20, 8, 15, 7, 6, 28, 0]]
gen=[[25, 11, 26, 10, 7, 9, 1, 0], [28, 11, 23, 8, 16, 3, 1, 0], [25, 11, 21, 19, 20, 4, 15, 0], [25, 24, 21, 2, 13, 20, 16, 0], [21, 26, 20, 5, 14, 9, 8, 0], [25, 24, 22, 18, 27, 15, 1, 0], [25, 24, 2, 12, 23, 27, 15, 0], [25, 6, 26, 12, 10, 8, 16, 0], [25, 24, 15, 17, 0, 0, 0, 0], [22, 28, 6, 20, 15, 8, 7, 0]]
valid routes=1.0
norm-reward=0.7802195889749234
[ 44 iterations]
real=[[16, 14, 3, 4, 7, 11, 19, 0], [21, 15, 3, 4, 23, 6, 12, 0], [21, 18, 23, 12, 2, 13, 19, 0], [27, 26, 22, 15, 9, 11, 12, 0], [24, 6, 23, 1, 20, 7, 19, 0], [22, 6, 0, 0, 0, 0, 0, 0], [25, 3, 1, 4, 23, 2, 21, 0], [25, 24, 11, 7, 20, 6, 10, 0], [28, 27, 10, 4, 8, 19, 21, 0], [28, 27, 10, 21, 20, 11, 18, 0]]
gen=[[19, 11, 3, 7, 14, 4, 16, 0], [6, 21, 23, 12, 3, 4, 15, 0], [18, 21, 19, 12, 2, 23, 13, 0], [22, 11, 26, 12, 27, 9, 15, 0], [24, 6, 19, 23, 20, 1, 7, 0], [22, 6, 0, 0, 0, 0, 0, 0], [25, 21, 23, 2, 3, 4, 1, 0], [25, 24, 11, 6, 10, 7, 20, 0], [21, 28, 27, 19, 10, 8, 4, 0], [18, 28, 11, 21, 27, 10, 20, 0]]
valid routes=1.0
norm-reward=0.7799690613645945
[ 45 iterations]
real=[[22, 18, 0, 0, 0, 0, 0, 0], [21, 26, 1, 9, 20, 13, 17, 0], [24, 16, 22, 21, 23, 13, 18, 0], [25, 28, 3, 4, 7, 13, 12, 0], [22, 23, 3, 21, 9, 17, 19, 0], [28, 3, 27, 15, 7, 18, 12, 0], [25, 16, 14, 7, 23, 6, 18, 0], [25, 26, 22, 7, 23, 13, 12, 0], [26, 13, 27, 7, 20, 2, 3, 0], [21, 3, 20, 12, 16, 13, 5, 0]]
gen=[[22, 18, 0, 0, 0, 0, 0, 0], [21, 17, 26, 20, 13, 1, 9, 0], [22, 24, 21, 23, 18, 13, 16, 0], [25, 28, 12, 13, 4, 7, 3, 0], [22, 17, 21, 23, 19, 3, 9, 0], [18, 28, 27, 12, 3, 7, 15, 0], [25, 18, 6, 23, 14, 7, 16, 0], [25, 22, 23, 12, 26, 13, 7, 0], [27, 26, 2, 20, 3, 13, 7, 0], [21, 12, 20, 5, 13, 3, 16, 0]]
valid routes=1.0
norm-reward=0.7820744165451742
[ 46 iterations]
real=[[25, 26, 21, 12, 23, 13, 0, 0], [22, 24, 14, 15, 3, 6, 21, 0], [12, 19, 27, 0, 0, 0, 0, 0], [6, 3, 8, 18, 0, 0, 0, 0], [22, 13, 8, 4, 9, 2, 5, 0], [2, 3, 11, 6, 8, 0, 0, 0], [4, 16, 11, 14, 13, 0, 0, 0], [25, 20, 21, 4, 23, 11, 19, 0], [21, 26, 6, 1, 4, 13, 16, 0], [1, 3, 24, 12, 4, 26, 0, 0]]
gen=[[25, 23, 21, 12, 26, 13, 0, 0], [22, 24, 6, 21, 3, 14, 15, 0], [19, 12, 27, 0, 0, 0, 0, 0], [18, 6, 8, 3, 0, 0, 0, 0], [22, 2, 8, 5, 4, 13, 9, 0], [6, 11, 2, 3, 8, 0, 0, 0], [11, 14, 16, 13, 4, 0, 0, 0], [25, 11, 23, 21, 19, 20, 4, 0], [6, 21, 26, 16, 4, 13, 1, 0], [24, 26, 12, 1, 3, 4, 0, 0]]
valid routes=1.0
norm-reward=0.7879405996805577
[ 47 iterations]
real=[[25, 24, 22, 14, 23, 2, 19, 0], [6, 14, 10, 12, 15, 0, 0, 0], [13, 0, 0, 0, 0, 0, 0, 0], [13, 3, 11, 9, 23, 19, 0, 0], [26, 14, 15, 20, 23, 6, 5, 0], [20, 16, 28, 4, 7, 2, 19, 0], [24, 26, 14, 9, 20, 7, 23, 0], [28, 17, 27, 20, 26, 13, 25, 0], [28, 24, 8, 14, 27, 20, 19, 0], [21, 26, 6, 18, 9, 2, 3, 0]]
gen=[[25, 24, 22, 23, 19, 2, 14, 0], [6, 14, 12, 10, 15, 0, 0, 0], [13, 0, 0, 0, 0, 0, 0, 0], [23, 11, 19, 13, 3, 9, 0, 0], [6, 23, 26, 20, 14, 5, 15, 0], [28, 19, 2, 20, 16, 7, 4, 0], [24, 23, 26, 20, 14, 7, 9, 0], [25, 17, 28, 27, 26, 13, 20, 0], [28, 24, 27, 19, 14, 8, 20, 0], [18, 6, 21, 2, 26, 3, 9, 0]]
valid routes=1.0
norm-reward=0.7772275352824032
[ 48 iterations]
real=[[25, 27, 21, 15, 20, 6, 12, 0], [27, 0, 0, 0, 0, 0, 0, 0], [23, 0, 0, 0, 0, 0, 0, 0], [25, 17, 15, 1, 20, 13, 23, 0], [24, 1, 10, 18, 8, 13, 19, 0], [27, 17, 10, 12, 14, 19, 5, 0], [5, 16, 0, 0, 0, 0, 0, 0], [28, 17, 3, 26, 16, 2, 19, 0], [21, 26, 8, 10, 20, 17, 18, 0], [18, 10, 0, 0, 0, 0, 0, 0]]
gen=[[25, 6, 21, 12, 27, 15, 20, 0], [27, 0, 0, 0, 0, 0, 0, 0], [23, 0, 0, 0, 0, 0, 0, 0], [25, 17, 23, 20, 13, 15, 1, 0], [18, 24, 19, 10, 13, 8, 1, 0], [27, 17, 19, 12, 14, 5, 10, 0], [5, 16, 0, 0, 0, 0, 0, 0], [28, 17, 2, 19, 26, 3, 16, 0], [18, 17, 21, 26, 10, 8, 20, 0], [18, 10, 0, 0, 0, 0, 0, 0]]
valid routes=1.0
norm-reward=0.7768572637047472
[ 49 iterations]
real=[[25, 3, 22, 15, 16, 6, 19, 0], [17, 26, 15, 1, 9, 7, 10, 0], [18, 17, 1, 4, 23, 7, 12, 0], [20, 17, 10, 1, 14, 19, 18, 0], [27, 16, 23, 1, 20, 2, 19, 0], [28, 17, 15, 23, 16, 6, 18, 0], [28, 3, 10, 1, 16, 6, 19, 0], [27, 17, 23, 9, 16, 7, 18, 0], [22, 24, 14, 1, 13, 6, 18, 0], [10, 27, 0, 0, 0, 0, 0, 0]]
gen=[[25, 6, 22, 19, 3, 16, 15, 0], [26, 17, 10, 1, 15, 7, 9, 0], [18, 17, 23, 12, 4, 1, 7, 0], [18, 17, 19, 10, 14, 1, 20, 0], [23, 27, 2, 19, 20, 1, 16, 0], [18, 17, 6, 28, 23, 16, 15, 0], [28, 6, 19, 10, 16, 3, 1, 0], [18, 17, 23, 27, 16, 7, 9, 0], [22, 24, 6, 18, 14, 13, 1, 0], [27, 10, 0, 0, 0, 0, 0, 0]]
valid routes=1.0
norm-reward=0.7809275544608847
