read problem
[ 1 iterations]
real=[[5, 25, 4, 9, 0], [2, 9, 27, 19, 0], [23, 25, 4, 22, 0], [12, 7, 20, 22, 0], [11, 12, 27, 26, 0], [24, 13, 14, 3, 0], [25, 13, 10, 22, 0], [23, 28, 14, 0, 0], [18, 12, 13, 22, 0], [25, 17, 11, 27, 0]]
gen=[[5, 25, 9, 4, 0], [9, 19, 2, 27, 0], [25, 23, 4, 22, 0], [7, 12, 22, 20, 0], [12, 27, 11, 26, 0], [13, 24, 14, 3, 0], [13, 25, 10, 22, 0], [28, 23, 14, 0, 0], [13, 12, 18, 22, 0], [25, 17, 11, 27, 0]]
valid routes=1.0
norm-reward=0.8632884474331216
[ 2 iterations]
real=[[21, 16, 26, 9, 0], [2, 1, 8, 27, 0], [6, 13, 20, 22, 0], [10, 1, 23, 3, 0], [21, 24, 23, 17, 0], [17, 16, 23, 22, 0], [28, 9, 8, 19, 0], [18, 13, 23, 19, 0], [23, 17, 14, 3, 0], [9, 7, 4, 20, 0]]
gen=[[21, 16, 9, 26, 0], [2, 1, 27, 8, 0], [6, 13, 22, 20, 0], [10, 23, 1, 3, 0], [21, 24, 23, 17, 0], [16, 17, 23, 22, 0], [9, 28, 8, 19, 0], [13, 23, 19, 18, 0], [23, 17, 14, 3, 0], [9, 7, 20, 4, 0]]
valid routes=1.0
norm-reward=0.8997708206756267
[ 3 iterations]
real=[[28, 12, 2, 22, 0], [25, 7, 2, 3, 0], [25, 24, 4, 19, 0], [10, 1, 11, 21, 0], [9, 6, 19, 0, 0], [21, 3, 28, 26, 0], [19, 3, 27, 20, 0], [5, 16, 23, 27, 0], [8, 12, 27, 22, 0], [21, 25, 23, 14, 0]]
gen=[[28, 12, 2, 22, 0], [25, 7, 2, 3, 0], [25, 24, 19, 4, 0], [21, 10, 1, 11, 0], [6, 9, 19, 0, 0], [21, 26, 28, 3, 0], [3, 19, 27, 20, 0], [5, 16, 23, 27, 0], [27, 12, 8, 22, 0], [21, 25, 23, 14, 0]]
valid routes=1.0
norm-reward=0.9250749252924108
[ 4 iterations]
real=[[5, 6, 4, 27, 0], [25, 16, 2, 22, 0], [23, 7, 2, 6, 0], [15, 20, 0, 0, 0], [21, 17, 6, 22, 0], [9, 10, 2, 20, 0], [10, 18, 11, 8, 0], [11, 1, 3, 19, 0], [6, 16, 14, 4, 0], [9, 6, 2, 26, 0]]
gen=[[6, 5, 27, 4, 0], [25, 16, 2, 22, 0], [6, 7, 2, 23, 0], [15, 20, 0, 0, 0], [21, 6, 17, 22, 0], [10, 9, 2, 20, 0], [10, 18, 11, 8, 0], [19, 3, 1, 11, 0], [6, 16, 4, 14, 0], [6, 9, 2, 26, 0]]
valid routes=1.0
norm-reward=0.8972885639368855
[ 5 iterations]
real=[[12, 7, 3, 22, 0], [2, 6, 0, 0, 0], [26, 12, 23, 22, 0], [10, 24, 11, 8, 0], [8, 1, 27, 26, 0], [9, 17, 14, 0, 0], [9, 1, 8, 3, 0], [9, 25, 4, 27, 0], [28, 10, 2, 26, 0], [9, 17, 25, 26, 0]]
gen=[[22, 3, 7, 12, 0], [6, 2, 0, 0, 0], [23, 12, 22, 26, 0], [10, 24, 8, 11, 0], [27, 1, 8, 26, 0], [9, 17, 14, 0, 0], [9, 3, 1, 8, 0], [9, 25, 4, 27, 0], [10, 28, 26, 2, 0], [9, 25, 17, 26, 0]]
valid routes=1.0
norm-reward=0.8991705944640049
[ 6 iterations]
real=[[18, 7, 1, 3, 0], [8, 17, 1, 22, 0], [12, 16, 4, 22, 0], [21, 15, 14, 20, 0], [21, 6, 2, 17, 0], [10, 7, 4, 27, 0], [6, 13, 7, 1, 0], [15, 12, 3, 9, 0], [9, 19, 11, 20, 0], [5, 16, 27, 19, 0]]
gen=[[3, 7, 1, 18, 0], [17, 1, 8, 22, 0], [16, 12, 4, 22, 0], [15, 21, 14, 20, 0], [21, 6, 17, 2, 0], [10, 7, 4, 27, 0], [6, 13, 7, 1, 0], [15, 3, 12, 9, 0], [9, 11, 20, 19, 0], [5, 16, 19, 27, 0]]
valid routes=1.0
norm-reward=0.8964644402096471
[ 7 iterations]
real=[[21, 7, 11, 18, 0], [21, 1, 23, 15, 0], [6, 24, 11, 14, 0], [6, 7, 3, 9, 0], [15, 13, 1, 26, 0], [18, 13, 23, 3, 0], [6, 17, 24, 26, 0], [9, 25, 20, 22, 0], [13, 7, 8, 19, 0], [28, 25, 11, 15, 0]]
gen=[[21, 7, 18, 11, 0], [15, 21, 1, 23, 0], [6, 24, 14, 11, 0], [9, 3, 6, 7, 0], [15, 13, 1, 26, 0], [13, 3, 18, 23, 0], [6, 24, 17, 26, 0], [9, 25, 22, 20, 0], [13, 7, 8, 19, 0], [15, 25, 28, 11, 0]]
valid routes=1.0
norm-reward=0.9031634571763104
[ 8 iterations]
real=[[28, 16, 7, 20, 0], [10, 7, 20, 26, 0], [15, 5, 23, 14, 0], [9, 6, 3, 20, 0], [15, 6, 10, 3, 0], [21, 6, 27, 19, 0], [6, 25, 0, 0, 0], [6, 13, 14, 1, 0], [21, 26, 27, 22, 0], [13, 17, 11, 20, 0]]
gen=[[28, 16, 7, 20, 0], [10, 7, 26, 20, 0], [15, 5, 23, 14, 0], [9, 6, 3, 20, 0], [15, 6, 3, 10, 0], [21, 6, 19, 27, 0], [6, 25, 0, 0, 0], [6, 13, 1, 14, 0], [21, 26, 22, 27, 0], [13, 17, 11, 20, 0]]
valid routes=1.0
norm-reward=0.8989261367574185
[ 9 iterations]
real=[[23, 5, 2, 22, 0], [15, 12, 3, 19, 0], [23, 10, 14, 20, 0], [12, 1, 0, 0, 0], [10, 25, 23, 28, 0], [15, 16, 25, 3, 0], [21, 18, 4, 5, 0], [20, 0, 0, 0, 0], [10, 12, 2, 21, 0], [6, 16, 23, 4, 0]]
gen=[[5, 2, 23, 22, 0], [15, 3, 12, 19, 0], [10, 23, 20, 14, 0], [12, 1, 0, 0, 0], [10, 25, 28, 23, 0], [15, 16, 3, 25, 0], [21, 5, 18, 4, 0], [20, 0, 0, 0, 0], [21, 10, 2, 12, 0], [6, 16, 23, 4, 0]]
valid routes=1.0
norm-reward=0.9054596665034269
[ 10 iterations]
real=[[21, 12, 2, 17, 0], [24, 13, 1, 19, 0], [5, 18, 1, 0, 0], [23, 13, 27, 20, 0], [28, 9, 4, 22, 0], [21, 12, 28, 9, 0], [21, 18, 7, 20, 0], [6, 24, 10, 17, 0], [9, 12, 11, 19, 0], [15, 19, 27, 22, 0]]
gen=[[21, 17, 2, 12, 0], [24, 13, 1, 19, 0], [5, 1, 18, 0, 0], [13, 27, 23, 20, 0], [9, 28, 4, 22, 0], [21, 9, 28, 12, 0], [21, 7, 18, 20, 0], [6, 24, 10, 17, 0], [9, 12, 11, 19, 0], [15, 19, 27, 22, 0]]
valid routes=1.0
norm-reward=0.901457880022567
[ 11 iterations]
real=[[5, 25, 4, 9, 0], [2, 9, 27, 19, 0], [23, 25, 4, 22, 0], [12, 7, 20, 22, 0], [11, 12, 27, 26, 0], [24, 13, 14, 3, 0], [25, 13, 10, 22, 0], [23, 28, 14, 0, 0], [18, 12, 13, 22, 0], [25, 17, 11, 27, 0]]
gen=[[9, 25, 5, 4, 0], [9, 2, 19, 27, 0], [25, 4, 23, 22, 0], [12, 7, 20, 22, 0], [11, 12, 27, 26, 0], [24, 13, 3, 14, 0], [10, 13, 25, 22, 0], [28, 23, 14, 0, 0], [13, 12, 18, 22, 0], [25, 17, 27, 11, 0]]
valid routes=1.0
norm-reward=0.8994836813188719
[ 12 iterations]
real=[[21, 16, 26, 9, 0], [2, 1, 8, 27, 0], [6, 13, 20, 22, 0], [10, 1, 23, 3, 0], [21, 24, 23, 17, 0], [17, 16, 23, 22, 0], [28, 9, 8, 19, 0], [18, 13, 23, 19, 0], [23, 17, 14, 3, 0], [9, 7, 4, 20, 0]]
gen=[[21, 16, 9, 26, 0], [2, 1, 8, 27, 0], [6, 13, 22, 20, 0], [10, 3, 1, 23, 0], [21, 24, 17, 23, 0], [17, 16, 23, 22, 0], [9, 28, 19, 8, 0], [13, 18, 19, 23, 0], [3, 17, 23, 14, 0], [9, 7, 20, 4, 0]]
valid routes=1.0
norm-reward=0.8984130399583964
[ 13 iterations]
real=[[28, 12, 2, 22, 0], [25, 7, 2, 3, 0], [25, 24, 4, 19, 0], [10, 1, 11, 21, 0], [9, 6, 19, 0, 0], [21, 3, 28, 26, 0], [19, 3, 27, 20, 0], [5, 16, 23, 27, 0], [8, 12, 27, 22, 0], [21, 25, 23, 14, 0]]
gen=[[28, 2, 12, 22, 0], [25, 3, 2, 7, 0], [24, 25, 19, 4, 0], [21, 10, 1, 11, 0], [9, 6, 19, 0, 0], [21, 3, 28, 26, 0], [3, 20, 19, 27, 0], [5, 16, 23, 27, 0], [8, 12, 27, 22, 0], [21, 25, 23, 14, 0]]
valid routes=1.0
norm-reward=0.9080703570708245
[ 14 iterations]
real=[[5, 6, 4, 27, 0], [25, 16, 2, 22, 0], [23, 7, 2, 6, 0], [15, 20, 0, 0, 0], [21, 17, 6, 22, 0], [9, 10, 2, 20, 0], [10, 18, 11, 8, 0], [11, 1, 3, 19, 0], [6, 16, 14, 4, 0], [9, 6, 2, 26, 0]]
gen=[[6, 5, 27, 4, 0], [25, 16, 2, 22, 0], [6, 2, 7, 23, 0], [15, 20, 0, 0, 0], [21, 6, 17, 22, 0], [9, 10, 2, 20, 0], [10, 8, 11, 18, 0], [3, 1, 19, 11, 0], [6, 16, 4, 14, 0], [9, 6, 2, 26, 0]]
valid routes=1.0
norm-reward=0.9034008230266186
[ 15 iterations]
real=[[12, 7, 3, 22, 0], [2, 6, 0, 0, 0], [26, 12, 23, 22, 0], [10, 24, 11, 8, 0], [8, 1, 27, 26, 0], [9, 17, 14, 0, 0], [9, 1, 8, 3, 0], [9, 25, 4, 27, 0], [28, 10, 2, 26, 0], [9, 17, 25, 26, 0]]
gen=[[3, 12, 7, 22, 0], [6, 2, 0, 0, 0], [26, 12, 23, 22, 0], [10, 24, 8, 11, 0], [26, 1, 8, 27, 0], [9, 17, 14, 0, 0], [9, 3, 8, 1, 0], [9, 25, 27, 4, 0], [10, 28, 2, 26, 0], [9, 17, 25, 26, 0]]
valid routes=1.0
norm-reward=0.8959461180524635
[ 16 iterations]
real=[[18, 7, 1, 3, 0], [8, 17, 1, 22, 0], [12, 16, 4, 22, 0], [21, 15, 14, 20, 0], [21, 6, 2, 17, 0], [10, 7, 4, 27, 0], [6, 13, 7, 1, 0], [15, 12, 3, 9, 0], [9, 19, 11, 20, 0], [5, 16, 27, 19, 0]]
gen=[[3, 7, 1, 18, 0], [17, 1, 8, 22, 0], [16, 12, 4, 22, 0], [15, 21, 20, 14, 0], [21, 6, 2, 17, 0], [10, 7, 27, 4, 0], [6, 13, 7, 1, 0], [15, 3, 12, 9, 0], [9, 19, 20, 11, 0], [5, 16, 27, 19, 0]]
valid routes=1.0
norm-reward=0.8975154647738115
[ 17 iterations]
real=[[21, 7, 11, 18, 0], [21, 1, 23, 15, 0], [6, 24, 11, 14, 0], [6, 7, 3, 9, 0], [15, 13, 1, 26, 0], [18, 13, 23, 3, 0], [6, 17, 24, 26, 0], [9, 25, 20, 22, 0], [13, 7, 8, 19, 0], [28, 25, 11, 15, 0]]
gen=[[21, 7, 18, 11, 0], [15, 21, 1, 23, 0], [6, 24, 14, 11, 0], [9, 3, 6, 7, 0], [15, 13, 26, 1, 0], [13, 3, 23, 18, 0], [6, 17, 24, 26, 0], [9, 25, 20, 22, 0], [13, 7, 8, 19, 0], [15, 25, 28, 11, 0]]
valid routes=1.0
norm-reward=0.9000568727668514
[ 18 iterations]
real=[[28, 16, 7, 20, 0], [10, 7, 20, 26, 0], [15, 5, 23, 14, 0], [9, 6, 3, 20, 0], [15, 6, 10, 3, 0], [21, 6, 27, 19, 0], [6, 25, 0, 0, 0], [6, 13, 14, 1, 0], [21, 26, 27, 22, 0], [13, 17, 11, 20, 0]]
gen=[[28, 16, 7, 20, 0], [10, 26, 7, 20, 0], [15, 5, 23, 14, 0], [9, 6, 3, 20, 0], [15, 6, 3, 10, 0], [21, 6, 27, 19, 0], [6, 25, 0, 0, 0], [6, 13, 1, 14, 0], [21, 26, 27, 22, 0], [13, 17, 20, 11, 0]]
valid routes=1.0
norm-reward=0.8871271316347397
[ 19 iterations]
real=[[23, 5, 2, 22, 0], [15, 12, 3, 19, 0], [23, 10, 14, 20, 0], [12, 1, 0, 0, 0], [10, 25, 23, 28, 0], [15, 16, 25, 3, 0], [21, 18, 4, 5, 0], [20, 0, 0, 0, 0], [10, 12, 2, 21, 0], [6, 16, 23, 4, 0]]
gen=[[5, 2, 23, 22, 0], [15, 3, 19, 12, 0], [10, 20, 23, 14, 0], [12, 1, 0, 0, 0], [10, 25, 28, 23, 0], [15, 16, 3, 25, 0], [21, 5, 18, 4, 0], [20, 0, 0, 0, 0], [21, 10, 2, 12, 0], [6, 16, 4, 23, 0]]
valid routes=1.0
norm-reward=0.8899446325204763
[ 20 iterations]
real=[[21, 12, 2, 17, 0], [24, 13, 1, 19, 0], [5, 18, 1, 0, 0], [23, 13, 27, 20, 0], [28, 9, 4, 22, 0], [21, 12, 28, 9, 0], [21, 18, 7, 20, 0], [6, 24, 10, 17, 0], [9, 12, 11, 19, 0], [15, 19, 27, 22, 0]]
gen=[[21, 17, 2, 12, 0], [24, 13, 19, 1, 0], [5, 1, 18, 0, 0], [13, 23, 27, 20, 0], [9, 28, 22, 4, 0], [21, 9, 28, 12, 0], [21, 7, 18, 20, 0], [6, 17, 10, 24, 0], [9, 19, 12, 11, 0], [15, 19, 27, 22, 0]]
valid routes=1.0
norm-reward=0.8805134671411629
[ 21 iterations]
real=[[5, 25, 4, 9, 0], [2, 9, 27, 19, 0], [23, 25, 4, 22, 0], [12, 7, 20, 22, 0], [11, 12, 27, 26, 0], [24, 13, 14, 3, 0], [25, 13, 10, 22, 0], [23, 28, 14, 0, 0], [18, 12, 13, 22, 0], [25, 17, 11, 27, 0]]
gen=[[9, 25, 5, 4, 0], [9, 2, 19, 27, 0], [25, 4, 23, 22, 0], [12, 7, 20, 22, 0], [26, 12, 27, 11, 0], [24, 13, 3, 14, 0], [10, 13, 25, 22, 0], [28, 14, 23, 0, 0], [13, 12, 18, 22, 0], [25, 17, 27, 11, 0]]
valid routes=1.0
norm-reward=0.8901972062984486
[ 22 iterations]
real=[[21, 16, 26, 9, 0], [2, 1, 8, 27, 0], [6, 13, 20, 22, 0], [10, 1, 23, 3, 0], [21, 24, 23, 17, 0], [17, 16, 23, 22, 0], [28, 9, 8, 19, 0], [18, 13, 23, 19, 0], [23, 17, 14, 3, 0], [9, 7, 4, 20, 0]]
gen=[[21, 16, 9, 26, 0], [2, 8, 27, 1, 0], [6, 13, 20, 22, 0], [10, 3, 1, 23, 0], [21, 24, 17, 23, 0], [17, 16, 23, 22, 0], [9, 8, 28, 19, 0], [13, 19, 23, 18, 0], [3, 17, 23, 14, 0], [9, 7, 4, 20, 0]]
valid routes=1.0
norm-reward=0.8944767034323645
[ 23 iterations]
real=[[28, 12, 2, 22, 0], [25, 7, 2, 3, 0], [25, 24, 4, 19, 0], [10, 1, 11, 21, 0], [9, 6, 19, 0, 0], [21, 3, 28, 26, 0], [19, 3, 27, 20, 0], [5, 16, 23, 27, 0], [8, 12, 27, 22, 0], [21, 25, 23, 14, 0]]
gen=[[28, 12, 2, 22, 0], [25, 3, 2, 7, 0], [25, 24, 19, 4, 0], [21, 10, 1, 11, 0], [9, 6, 19, 0, 0], [21, 3, 28, 26, 0], [3, 19, 27, 20, 0], [5, 16, 27, 23, 0], [8, 12, 27, 22, 0], [21, 25, 23, 14, 0]]
valid routes=1.0
norm-reward=0.9007676206847692
[ 24 iterations]
real=[[5, 6, 4, 27, 0], [25, 16, 2, 22, 0], [23, 7, 2, 6, 0], [15, 20, 0, 0, 0], [21, 17, 6, 22, 0], [9, 10, 2, 20, 0], [10, 18, 11, 8, 0], [11, 1, 3, 19, 0], [6, 16, 14, 4, 0], [9, 6, 2, 26, 0]]
gen=[[6, 5, 27, 4, 0], [25, 16, 2, 22, 0], [6, 2, 7, 23, 0], [15, 20, 0, 0, 0], [21, 6, 17, 22, 0], [9, 10, 2, 20, 0], [10, 8, 11, 18, 0], [3, 19, 1, 11, 0], [6, 16, 4, 14, 0], [9, 6, 2, 26, 0]]
valid routes=1.0
norm-reward=0.8921949351533096
[ 25 iterations]
real=[[12, 7, 3, 22, 0], [2, 6, 0, 0, 0], [26, 12, 23, 22, 0], [10, 24, 11, 8, 0], [8, 1, 27, 26, 0], [9, 17, 14, 0, 0], [9, 1, 8, 3, 0], [9, 25, 4, 27, 0], [28, 10, 2, 26, 0], [9, 17, 25, 26, 0]]
gen=[[3, 12, 7, 22, 0], [6, 2, 0, 0, 0], [26, 12, 22, 23, 0], [10, 24, 8, 11, 0], [26, 8, 1, 27, 0], [9, 17, 14, 0, 0], [9, 3, 8, 1, 0], [9, 25, 27, 4, 0], [10, 28, 2, 26, 0], [9, 17, 25, 26, 0]]
valid routes=1.0
norm-reward=0.8952326518977888
[ 26 iterations]
real=[[18, 7, 1, 3, 0], [8, 17, 1, 22, 0], [12, 16, 4, 22, 0], [21, 15, 14, 20, 0], [21, 6, 2, 17, 0], [10, 7, 4, 27, 0], [6, 13, 7, 1, 0], [15, 12, 3, 9, 0], [9, 19, 11, 20, 0], [5, 16, 27, 19, 0]]
gen=[[3, 7, 1, 18, 0], [17, 8, 1, 22, 0], [12, 16, 4, 22, 0], [15, 21, 20, 14, 0], [21, 6, 2, 17, 0], [10, 7, 27, 4, 0], [6, 13, 1, 7, 0], [15, 12, 3, 9, 0], [9, 19, 11, 20, 0], [5, 16, 19, 27, 0]]
valid routes=1.0
norm-reward=0.8947060547733121
[ 27 iterations]
real=[[21, 7, 11, 18, 0], [21, 1, 23, 15, 0], [6, 24, 11, 14, 0], [6, 7, 3, 9, 0], [15, 13, 1, 26, 0], [18, 13, 23, 3, 0], [6, 17, 24, 26, 0], [9, 25, 20, 22, 0], [13, 7, 8, 19, 0], [28, 25, 11, 15, 0]]
gen=[[21, 7, 18, 11, 0], [15, 21, 1, 23, 0], [6, 24, 14, 11, 0], [9, 3, 6, 7, 0], [15, 13, 26, 1, 0], [13, 3, 18, 23, 0], [6, 17, 24, 26, 0], [9, 25, 20, 22, 0], [13, 19, 8, 7, 0], [15, 25, 28, 11, 0]]
valid routes=1.0
norm-reward=0.9009724886954963
[ 28 iterations]
real=[[28, 16, 7, 20, 0], [10, 7, 20, 26, 0], [15, 5, 23, 14, 0], [9, 6, 3, 20, 0], [15, 6, 10, 3, 0], [21, 6, 27, 19, 0], [6, 25, 0, 0, 0], [6, 13, 14, 1, 0], [21, 26, 27, 22, 0], [13, 17, 11, 20, 0]]
gen=[[28, 16, 7, 20, 0], [10, 26, 7, 20, 0], [15, 5, 23, 14, 0], [9, 6, 3, 20, 0], [15, 6, 3, 10, 0], [21, 6, 19, 27, 0], [6, 25, 0, 0, 0], [6, 13, 1, 14, 0], [21, 26, 27, 22, 0], [13, 17, 20, 11, 0]]
valid routes=1.0
norm-reward=0.8939969845067381
[ 29 iterations]
real=[[23, 5, 2, 22, 0], [15, 12, 3, 19, 0], [23, 10, 14, 20, 0], [12, 1, 0, 0, 0], [10, 25, 23, 28, 0], [15, 16, 25, 3, 0], [21, 18, 4, 5, 0], [20, 0, 0, 0, 0], [10, 12, 2, 21, 0], [6, 16, 23, 4, 0]]
gen=[[5, 2, 23, 22, 0], [15, 12, 3, 19, 0], [10, 20, 23, 14, 0], [12, 1, 0, 0, 0], [10, 25, 28, 23, 0], [15, 16, 3, 25, 0], [21, 5, 18, 4, 0], [20, 0, 0, 0, 0], [21, 12, 2, 10, 0], [6, 16, 23, 4, 0]]
valid routes=1.0
norm-reward=0.901690829625591
[ 30 iterations]
real=[[21, 12, 2, 17, 0], [24, 13, 1, 19, 0], [5, 18, 1, 0, 0], [23, 13, 27, 20, 0], [28, 9, 4, 22, 0], [21, 12, 28, 9, 0], [21, 18, 7, 20, 0], [6, 24, 10, 17, 0], [9, 12, 11, 19, 0], [15, 19, 27, 22, 0]]
gen=[[21, 12, 2, 17, 0], [24, 13, 19, 1, 0], [5, 1, 18, 0, 0], [13, 20, 27, 23, 0], [9, 28, 22, 4, 0], [21, 12, 28, 9, 0], [21, 7, 18, 20, 0], [6, 17, 10, 24, 0], [9, 12, 19, 11, 0], [15, 19, 27, 22, 0]]
valid routes=1.0
norm-reward=0.8896856462497837
[ 31 iterations]
real=[[5, 25, 4, 9, 0], [2, 9, 27, 19, 0], [23, 25, 4, 22, 0], [12, 7, 20, 22, 0], [11, 12, 27, 26, 0], [24, 13, 14, 3, 0], [25, 13, 10, 22, 0], [23, 28, 14, 0, 0], [18, 12, 13, 22, 0], [25, 17, 11, 27, 0]]
gen=[[9, 25, 5, 4, 0], [9, 19, 2, 27, 0], [25, 4, 23, 22, 0], [12, 7, 20, 22, 0], [26, 12, 27, 11, 0], [24, 13, 3, 14, 0], [10, 13, 25, 22, 0], [28, 23, 14, 0, 0], [13, 12, 18, 22, 0], [25, 17, 27, 11, 0]]
valid routes=1.0
norm-reward=0.8965780374161473
[ 32 iterations]
real=[[21, 16, 26, 9, 0], [2, 1, 8, 27, 0], [6, 13, 20, 22, 0], [10, 1, 23, 3, 0], [21, 24, 23, 17, 0], [17, 16, 23, 22, 0], [28, 9, 8, 19, 0], [18, 13, 23, 19, 0], [23, 17, 14, 3, 0], [9, 7, 4, 20, 0]]
gen=[[21, 16, 9, 26, 0], [2, 8, 27, 1, 0], [6, 13, 22, 20, 0], [10, 3, 1, 23, 0], [21, 24, 17, 23, 0], [17, 16, 23, 22, 0], [9, 19, 8, 28, 0], [13, 19, 23, 18, 0], [17, 3, 23, 14, 0], [9, 7, 20, 4, 0]]
valid routes=1.0
norm-reward=0.8996126685265077
[ 33 iterations]
real=[[28, 12, 2, 22, 0], [25, 7, 2, 3, 0], [25, 24, 4, 19, 0], [10, 1, 11, 21, 0], [9, 6, 19, 0, 0], [21, 3, 28, 26, 0], [19, 3, 27, 20, 0], [5, 16, 23, 27, 0], [8, 12, 27, 22, 0], [21, 25, 23, 14, 0]]
gen=[[28, 12, 2, 22, 0], [25, 3, 2, 7, 0], [25, 24, 19, 4, 0], [21, 10, 1, 11, 0], [9, 6, 19, 0, 0], [21, 3, 28, 26, 0], [3, 19, 27, 20, 0], [5, 16, 23, 27, 0], [12, 8, 27, 22, 0], [21, 25, 23, 14, 0]]
valid routes=1.0
norm-reward=0.8937019374107823
[ 34 iterations]
real=[[5, 6, 4, 27, 0], [25, 16, 2, 22, 0], [23, 7, 2, 6, 0], [15, 20, 0, 0, 0], [21, 17, 6, 22, 0], [9, 10, 2, 20, 0], [10, 18, 11, 8, 0], [11, 1, 3, 19, 0], [6, 16, 14, 4, 0], [9, 6, 2, 26, 0]]
gen=[[6, 5, 27, 4, 0], [25, 16, 2, 22, 0], [6, 2, 23, 7, 0], [15, 20, 0, 0, 0], [21, 6, 17, 22, 0], [9, 10, 2, 20, 0], [10, 8, 18, 11, 0], [3, 19, 1, 11, 0], [6, 16, 14, 4, 0], [9, 6, 2, 26, 0]]
valid routes=1.0
norm-reward=0.8865073144918006
[ 35 iterations]
real=[[12, 7, 3, 22, 0], [2, 6, 0, 0, 0], [26, 12, 23, 22, 0], [10, 24, 11, 8, 0], [8, 1, 27, 26, 0], [9, 17, 14, 0, 0], [9, 1, 8, 3, 0], [9, 25, 4, 27, 0], [28, 10, 2, 26, 0], [9, 17, 25, 26, 0]]
gen=[[12, 3, 7, 22, 0], [6, 2, 0, 0, 0], [26, 12, 23, 22, 0], [10, 24, 8, 11, 0], [26, 8, 1, 27, 0], [9, 17, 14, 0, 0], [9, 3, 8, 1, 0], [9, 25, 27, 4, 0], [10, 28, 2, 26, 0], [9, 17, 25, 26, 0]]
valid routes=1.0
norm-reward=0.8931370765490464
[ 36 iterations]
real=[[18, 7, 1, 3, 0], [8, 17, 1, 22, 0], [12, 16, 4, 22, 0], [21, 15, 14, 20, 0], [21, 6, 2, 17, 0], [10, 7, 4, 27, 0], [6, 13, 7, 1, 0], [15, 12, 3, 9, 0], [9, 19, 11, 20, 0], [5, 16, 27, 19, 0]]
gen=[[3, 1, 7, 18, 0], [17, 8, 22, 1, 0], [12, 16, 22, 4, 0], [15, 21, 14, 20, 0], [21, 6, 2, 17, 0], [10, 7, 27, 4, 0], [6, 13, 7, 1, 0], [15, 12, 3, 9, 0], [9, 19, 20, 11, 0], [5, 16, 19, 27, 0]]
valid routes=1.0
norm-reward=0.8847764723127851
[ 37 iterations]
real=[[21, 7, 11, 18, 0], [21, 1, 23, 15, 0], [6, 24, 11, 14, 0], [6, 7, 3, 9, 0], [15, 13, 1, 26, 0], [18, 13, 23, 3, 0], [6, 17, 24, 26, 0], [9, 25, 20, 22, 0], [13, 7, 8, 19, 0], [28, 25, 11, 15, 0]]
gen=[[21, 18, 7, 11, 0], [15, 21, 23, 1, 0], [6, 24, 11, 14, 0], [6, 3, 9, 7, 0], [15, 13, 26, 1, 0], [13, 3, 23, 18, 0], [6, 17, 24, 26, 0], [9, 25, 22, 20, 0], [13, 19, 8, 7, 0], [15, 25, 28, 11, 0]]
valid routes=1.0
norm-reward=0.8886699611475566
[ 38 iterations]
real=[[28, 16, 7, 20, 0], [10, 7, 20, 26, 0], [15, 5, 23, 14, 0], [9, 6, 3, 20, 0], [15, 6, 10, 3, 0], [21, 6, 27, 19, 0], [6, 25, 0, 0, 0], [6, 13, 14, 1, 0], [21, 26, 27, 22, 0], [13, 17, 11, 20, 0]]
gen=[[28, 16, 7, 20, 0], [10, 7, 26, 20, 0], [15, 5, 23, 14, 0], [6, 3, 9, 20, 0], [15, 6, 10, 3, 0], [21, 6, 19, 27, 0], [6, 25, 0, 0, 0], [6, 13, 1, 14, 0], [21, 22, 27, 26, 0], [13, 17, 11, 20, 0]]
valid routes=1.0
norm-reward=0.8818886576582053
[ 39 iterations]
real=[[23, 5, 2, 22, 0], [15, 12, 3, 19, 0], [23, 10, 14, 20, 0], [12, 1, 0, 0, 0], [10, 25, 23, 28, 0], [15, 16, 25, 3, 0], [21, 18, 4, 5, 0], [20, 0, 0, 0, 0], [10, 12, 2, 21, 0], [6, 16, 23, 4, 0]]
gen=[[5, 22, 2, 23, 0], [15, 12, 3, 19, 0], [10, 23, 14, 20, 0], [12, 1, 0, 0, 0], [10, 25, 28, 23, 0], [15, 16, 3, 25, 0], [21, 5, 4, 18, 0], [20, 0, 0, 0, 0], [21, 12, 2, 10, 0], [6, 16, 4, 23, 0]]
valid routes=1.0
norm-reward=0.8918144556321611
[ 40 iterations]
real=[[21, 12, 2, 17, 0], [24, 13, 1, 19, 0], [5, 18, 1, 0, 0], [23, 13, 27, 20, 0], [28, 9, 4, 22, 0], [21, 12, 28, 9, 0], [21, 18, 7, 20, 0], [6, 24, 10, 17, 0], [9, 12, 11, 19, 0], [15, 19, 27, 22, 0]]
gen=[[21, 12, 2, 17, 0], [24, 13, 19, 1, 0], [5, 1, 18, 0, 0], [13, 23, 27, 20, 0], [28, 9, 22, 4, 0], [21, 12, 28, 9, 0], [21, 7, 18, 20, 0], [6, 17, 10, 24, 0], [9, 12, 19, 11, 0], [15, 19, 22, 27, 0]]
valid routes=1.0
norm-reward=0.8844090488739944
[ 41 iterations]
real=[[5, 25, 4, 9, 0], [2, 9, 27, 19, 0], [23, 25, 4, 22, 0], [12, 7, 20, 22, 0], [11, 12, 27, 26, 0], [24, 13, 14, 3, 0], [25, 13, 10, 22, 0], [23, 28, 14, 0, 0], [18, 12, 13, 22, 0], [25, 17, 11, 27, 0]]
gen=[[5, 25, 9, 4, 0], [2, 19, 9, 27, 0], [25, 22, 23, 4, 0], [22, 12, 7, 20, 0], [26, 12, 27, 11, 0], [24, 13, 3, 14, 0], [10, 13, 25, 22, 0], [28, 23, 14, 0, 0], [13, 12, 22, 18, 0], [25, 17, 27, 11, 0]]
valid routes=1.0
norm-reward=0.888301006760372
[ 42 iterations]
real=[[21, 16, 26, 9, 0], [2, 1, 8, 27, 0], [6, 13, 20, 22, 0], [10, 1, 23, 3, 0], [21, 24, 23, 17, 0], [17, 16, 23, 22, 0], [28, 9, 8, 19, 0], [18, 13, 23, 19, 0], [23, 17, 14, 3, 0], [9, 7, 4, 20, 0]]
gen=[[21, 16, 26, 9, 0], [2, 8, 27, 1, 0], [6, 13, 20, 22, 0], [10, 3, 1, 23, 0], [21, 24, 17, 23, 0], [17, 16, 23, 22, 0], [28, 19, 8, 9, 0], [13, 19, 23, 18, 0], [17, 3, 14, 23, 0], [9, 7, 4, 20, 0]]
valid routes=1.0
norm-reward=0.8942580058894606
[ 43 iterations]
real=[[28, 12, 2, 22, 0], [25, 7, 2, 3, 0], [25, 24, 4, 19, 0], [10, 1, 11, 21, 0], [9, 6, 19, 0, 0], [21, 3, 28, 26, 0], [19, 3, 27, 20, 0], [5, 16, 23, 27, 0], [8, 12, 27, 22, 0], [21, 25, 23, 14, 0]]
gen=[[28, 12, 2, 22, 0], [25, 3, 2, 7, 0], [25, 24, 19, 4, 0], [21, 10, 1, 11, 0], [6, 19, 9, 0, 0], [21, 3, 28, 26, 0], [19, 3, 27, 20, 0], [5, 16, 27, 23, 0], [22, 12, 8, 27, 0], [21, 25, 23, 14, 0]]
valid routes=1.0
norm-reward=0.8947124886679392
[ 44 iterations]
real=[[5, 6, 4, 27, 0], [25, 16, 2, 22, 0], [23, 7, 2, 6, 0], [15, 20, 0, 0, 0], [21, 17, 6, 22, 0], [9, 10, 2, 20, 0], [10, 18, 11, 8, 0], [11, 1, 3, 19, 0], [6, 16, 14, 4, 0], [9, 6, 2, 26, 0]]
gen=[[6, 5, 27, 4, 0], [25, 16, 2, 22, 0], [6, 2, 23, 7, 0], [15, 20, 0, 0, 0], [21, 6, 17, 22, 0], [10, 9, 2, 20, 0], [10, 8, 18, 11, 0], [19, 3, 1, 11, 0], [6, 16, 14, 4, 0], [6, 9, 2, 26, 0]]
valid routes=1.0
norm-reward=0.8933385302629239
[ 45 iterations]
real=[[12, 7, 3, 22, 0], [2, 6, 0, 0, 0], [26, 12, 23, 22, 0], [10, 24, 11, 8, 0], [8, 1, 27, 26, 0], [9, 17, 14, 0, 0], [9, 1, 8, 3, 0], [9, 25, 4, 27, 0], [28, 10, 2, 26, 0], [9, 17, 25, 26, 0]]
gen=[[22, 12, 3, 7, 0], [6, 2, 0, 0, 0], [26, 12, 23, 22, 0], [10, 24, 8, 11, 0], [26, 8, 27, 1, 0], [9, 17, 14, 0, 0], [9, 3, 8, 1, 0], [9, 25, 27, 4, 0], [10, 28, 2, 26, 0], [9, 17, 25, 26, 0]]
valid routes=1.0
norm-reward=0.8966163201317672
[ 46 iterations]
real=[[18, 7, 1, 3, 0], [8, 17, 1, 22, 0], [12, 16, 4, 22, 0], [21, 15, 14, 20, 0], [21, 6, 2, 17, 0], [10, 7, 4, 27, 0], [6, 13, 7, 1, 0], [15, 12, 3, 9, 0], [9, 19, 11, 20, 0], [5, 16, 27, 19, 0]]
gen=[[3, 7, 1, 18, 0], [22, 17, 8, 1, 0], [12, 16, 22, 4, 0], [15, 21, 20, 14, 0], [21, 6, 2, 17, 0], [10, 7, 27, 4, 0], [6, 13, 7, 1, 0], [15, 12, 3, 9, 0], [9, 19, 11, 20, 0], [5, 16, 19, 27, 0]]
valid routes=1.0
norm-reward=0.9020005073500055
[ 47 iterations]
real=[[21, 7, 11, 18, 0], [21, 1, 23, 15, 0], [6, 24, 11, 14, 0], [6, 7, 3, 9, 0], [15, 13, 1, 26, 0], [18, 13, 23, 3, 0], [6, 17, 24, 26, 0], [9, 25, 20, 22, 0], [13, 7, 8, 19, 0], [28, 25, 11, 15, 0]]
gen=[[21, 7, 18, 11, 0], [15, 21, 23, 1, 0], [6, 24, 14, 11, 0], [9, 3, 6, 7, 0], [15, 13, 26, 1, 0], [13, 3, 23, 18, 0], [6, 17, 24, 26, 0], [9, 25, 22, 20, 0], [13, 19, 8, 7, 0], [15, 25, 28, 11, 0]]
valid routes=1.0
norm-reward=0.8953363969443323
[ 48 iterations]
real=[[28, 16, 7, 20, 0], [10, 7, 20, 26, 0], [15, 5, 23, 14, 0], [9, 6, 3, 20, 0], [15, 6, 10, 3, 0], [21, 6, 27, 19, 0], [6, 25, 0, 0, 0], [6, 13, 14, 1, 0], [21, 26, 27, 22, 0], [13, 17, 11, 20, 0]]
gen=[[28, 16, 7, 20, 0], [10, 26, 7, 20, 0], [15, 5, 23, 14, 0], [9, 6, 3, 20, 0], [15, 6, 10, 3, 0], [21, 6, 19, 27, 0], [6, 25, 0, 0, 0], [6, 13, 1, 14, 0], [21, 26, 22, 27, 0], [13, 17, 11, 20, 0]]
valid routes=1.0
norm-reward=0.8943154667117816
[ 49 iterations]
real=[[23, 5, 2, 22, 0], [15, 12, 3, 19, 0], [23, 10, 14, 20, 0], [12, 1, 0, 0, 0], [10, 25, 23, 28, 0], [15, 16, 25, 3, 0], [21, 18, 4, 5, 0], [20, 0, 0, 0, 0], [10, 12, 2, 21, 0], [6, 16, 23, 4, 0]]
gen=[[5, 23, 2, 22, 0], [15, 12, 3, 19, 0], [10, 23, 14, 20, 0], [12, 1, 0, 0, 0], [10, 25, 28, 23, 0], [15, 16, 25, 3, 0], [21, 5, 4, 18, 0], [20, 0, 0, 0, 0], [21, 12, 2, 10, 0], [6, 16, 23, 4, 0]]
valid routes=1.0
norm-reward=0.9036745311433634
