read problem
[ 1 iterations]
real=[[20, 2, 17, 24, 22, 8, 0], [7, 25, 12, 3, 19, 27, 0], [5, 13, 12, 2, 19, 8, 0], [11, 9, 8, 0, 0, 0, 0], [12, 8, 18, 25, 23, 16, 0], [7, 4, 15, 14, 3, 27, 0], [23, 0, 0, 0, 0, 0, 0], [7, 25, 12, 19, 23, 1, 0], [26, 22, 18, 3, 19, 27, 0], [26, 12, 21, 24, 23, 6, 0]]
gen=[[20, 24, 2, 22, 8, 17, 0], [7, 25, 12, 19, 27, 3, 0], [13, 5, 2, 19, 12, 8, 0], [8, 9, 11, 0, 0, 0, 0], [25, 12, 18, 16, 8, 23, 0], [7, 4, 15, 14, 27, 3, 0], [23, 0, 0, 0, 0, 0, 0], [7, 25, 1, 19, 23, 12, 0], [26, 22, 18, 19, 27, 3, 0], [26, 24, 21, 6, 23, 12, 0]]
valid routes=1.0
norm-reward=0.7810315423060419
[ 2 iterations]
real=[[4, 0, 0, 0, 0, 0, 0], [20, 10, 17, 9, 21, 8, 0], [26, 13, 15, 21, 18, 9, 0], [26, 2, 20, 5, 12, 16, 0], [25, 13, 17, 3, 18, 8, 0], [7, 20, 21, 24, 23, 15, 0], [24, 25, 20, 14, 9, 2, 0], [26, 20, 18, 25, 13, 16, 0], [26, 24, 17, 5, 12, 16, 0], [27, 13, 15, 10, 23, 2, 0]]
gen=[[4, 0, 0, 0, 0, 0, 0], [20, 8, 21, 17, 9, 10, 0], [26, 13, 18, 21, 15, 9, 0], [26, 20, 16, 5, 2, 12, 0], [13, 18, 25, 3, 17, 8, 0], [7, 20, 21, 24, 15, 23, 0], [24, 20, 2, 25, 9, 14, 0], [26, 13, 20, 16, 18, 25, 0], [26, 5, 12, 16, 24, 17, 0], [13, 2, 15, 27, 23, 10, 0]]
valid routes=1.0
norm-reward=0.809335500446888
[ 3 iterations]
real=[[5, 2, 17, 11, 19, 9, 0], [17, 22, 18, 10, 19, 2, 0], [7, 22, 18, 25, 6, 10, 0], [26, 25, 20, 14, 7, 11, 0], [26, 25, 18, 14, 13, 15, 0], [1, 4, 11, 9, 0, 0, 0], [24, 20, 17, 14, 3, 10, 0], [20, 9, 17, 14, 23, 16, 0], [24, 2, 28, 14, 5, 11, 0], [5, 25, 20, 28, 27, 7, 0]]
gen=[[5, 2, 9, 19, 17, 11, 0], [18, 2, 22, 19, 17, 10, 0], [7, 25, 22, 18, 6, 10, 0], [26, 7, 20, 25, 14, 11, 0], [26, 13, 18, 15, 25, 14, 0], [1, 4, 9, 11, 0, 0, 0], [24, 20, 10, 17, 14, 3, 0], [20, 9, 16, 14, 23, 17, 0], [5, 24, 2, 28, 11, 14, 0], [7, 5, 20, 25, 28, 27, 0]]
valid routes=1.0
norm-reward=0.8032896204642686
[ 4 iterations]
real=[[26, 20, 10, 0, 0, 0, 0], [5, 15, 18, 4, 19, 16, 0], [19, 2, 15, 14, 0, 0, 0], [12, 2, 15, 11, 19, 10, 0], [7, 22, 21, 5, 27, 8, 0], [2, 9, 21, 3, 0, 0, 0], [7, 4, 27, 24, 6, 0, 0], [6, 24, 19, 0, 0, 0, 0], [17, 8, 15, 9, 19, 23, 0], [16, 3, 18, 28, 23, 8, 0]]
gen=[[26, 20, 10, 0, 0, 0, 0], [5, 4, 18, 16, 15, 19, 0], [14, 2, 15, 19, 0, 0, 0], [10, 2, 12, 15, 11, 19, 0], [7, 5, 21, 22, 8, 27, 0], [3, 2, 21, 9, 0, 0, 0], [7, 4, 24, 6, 27, 0, 0], [24, 19, 6, 0, 0, 0, 0], [15, 23, 9, 19, 8, 17, 0], [28, 3, 18, 16, 8, 23, 0]]
valid routes=1.0
norm-reward=0.8130674397859451
[ 5 iterations]
real=[[1, 22, 15, 25, 21, 10, 0], [5, 20, 15, 3, 23, 17, 0], [7, 4, 24, 14, 6, 8, 0], [5, 4, 1, 14, 6, 8, 0], [5, 4, 15, 6, 18, 10, 0], [26, 4, 3, 6, 19, 23, 0], [24, 8, 15, 9, 23, 1, 0], [7, 4, 20, 14, 8, 2, 0], [26, 10, 21, 11, 23, 8, 0], [7, 5, 1, 11, 0, 0, 0]]
gen=[[1, 22, 21, 25, 15, 10, 0], [5, 20, 15, 23, 17, 3, 0], [7, 24, 4, 6, 8, 14, 0], [5, 4, 1, 6, 8, 14, 0], [5, 4, 18, 15, 6, 10, 0], [26, 4, 6, 23, 3, 19, 0], [24, 1, 15, 9, 23, 8, 0], [7, 20, 4, 2, 14, 8, 0], [26, 11, 21, 8, 23, 10, 0], [7, 5, 1, 11, 0, 0, 0]]
valid routes=1.0
norm-reward=0.8260030659864694
[ 6 iterations]
real=[[26, 13, 3, 11, 22, 8, 0], [14, 24, 0, 0, 0, 0, 0], [1, 13, 10, 28, 27, 9, 0], [5, 12, 0, 0, 0, 0, 0], [1, 22, 3, 11, 23, 2, 0], [26, 22, 18, 4, 23, 17, 0], [26, 2, 15, 11, 3, 9, 0], [6, 4, 15, 3, 21, 9, 0], [20, 23, 0, 0, 0, 0, 0], [5, 22, 3, 14, 27, 7, 0]]
gen=[[26, 13, 22, 11, 8, 3, 0], [24, 14, 0, 0, 0, 0, 0], [1, 13, 28, 9, 10, 27, 0], [5, 12, 0, 0, 0, 0, 0], [1, 2, 22, 11, 3, 23, 0], [26, 4, 18, 22, 23, 17, 0], [26, 2, 15, 11, 3, 9, 0], [6, 4, 21, 15, 9, 3, 0], [20, 23, 0, 0, 0, 0, 0], [7, 5, 22, 14, 27, 3, 0]]
valid routes=1.0
norm-reward=0.8212011586689039
[ 7 iterations]
real=[[12, 2, 17, 10, 27, 8, 0], [24, 4, 20, 25, 22, 1, 0], [26, 8, 15, 0, 0, 0, 0], [11, 20, 27, 0, 0, 0, 0], [7, 25, 26, 11, 6, 16, 0], [26, 4, 21, 17, 27, 10, 0], [5, 12, 21, 17, 19, 23, 0], [26, 25, 3, 28, 19, 10, 0], [12, 20, 18, 24, 23, 10, 0], [1, 13, 20, 5, 22, 8, 0]]
gen=[[27, 2, 17, 12, 10, 8, 0], [24, 20, 4, 1, 25, 22, 0], [26, 15, 8, 0, 0, 0, 0], [20, 27, 11, 0, 0, 0, 0], [26, 7, 25, 6, 16, 11, 0], [26, 4, 21, 10, 17, 27, 0], [5, 23, 21, 19, 12, 17, 0], [26, 25, 10, 3, 19, 28, 0], [24, 20, 18, 12, 10, 23, 0], [5, 13, 1, 20, 22, 8, 0]]
valid routes=1.0
norm-reward=0.8044242516320853
[ 8 iterations]
real=[[7, 25, 26, 28, 6, 27, 0], [24, 20, 18, 11, 22, 10, 0], [7, 20, 28, 14, 22, 8, 0], [26, 20, 17, 9, 10, 2, 0], [1, 20, 15, 14, 4, 16, 0], [27, 13, 15, 25, 19, 16, 0], [12, 9, 10, 3, 18, 8, 0], [26, 2, 17, 4, 19, 10, 0], [20, 22, 17, 24, 19, 27, 0], [6, 5, 11, 14, 19, 23, 0]]
gen=[[26, 7, 25, 6, 28, 27, 0], [24, 20, 18, 11, 22, 10, 0], [7, 20, 14, 22, 8, 28, 0], [26, 20, 2, 17, 9, 10, 0], [1, 4, 14, 20, 16, 15, 0], [25, 13, 16, 15, 19, 27, 0], [12, 18, 9, 10, 8, 3, 0], [26, 4, 2, 10, 19, 17, 0], [24, 20, 22, 17, 19, 27, 0], [5, 23, 14, 6, 11, 19, 0]]
valid routes=1.0
norm-reward=0.7777941026867169
[ 9 iterations]
real=[[28, 0, 0, 0, 0, 0, 0], [24, 28, 0, 0, 0, 0, 0], [24, 12, 18, 21, 23, 1, 0], [12, 9, 10, 14, 23, 8, 0], [11, 2, 21, 28, 13, 16, 0], [26, 22, 17, 28, 3, 9, 0], [6, 20, 21, 27, 19, 16, 0], [24, 4, 15, 14, 19, 22, 0], [5, 2, 10, 11, 27, 16, 0], [26, 20, 17, 9, 16, 2, 0]]
gen=[[28, 0, 0, 0, 0, 0, 0], [24, 28, 0, 0, 0, 0, 0], [24, 1, 18, 21, 12, 23, 0], [14, 12, 8, 10, 23, 9, 0], [11, 13, 2, 21, 16, 28, 0], [26, 22, 17, 28, 9, 3, 0], [6, 20, 16, 21, 27, 19, 0], [24, 4, 14, 22, 15, 19, 0], [5, 2, 11, 16, 10, 27, 0], [26, 20, 2, 16, 17, 9, 0]]
valid routes=1.0
norm-reward=0.7802920260048195
[ 10 iterations]
real=[[19, 2, 21, 0, 0, 0, 0], [14, 5, 18, 28, 19, 17, 0], [24, 25, 15, 28, 22, 23, 0], [24, 15, 18, 21, 23, 27, 0], [26, 4, 17, 28, 8, 11, 0], [19, 0, 0, 0, 0, 0, 0], [1, 4, 15, 28, 23, 16, 0], [26, 13, 2, 28, 27, 1, 0], [11, 13, 12, 28, 22, 10, 0], [6, 17, 15, 3, 23, 8, 0]]
gen=[[2, 21, 19, 0, 0, 0, 0], [5, 17, 14, 18, 19, 28, 0], [24, 25, 15, 22, 28, 23, 0], [24, 15, 21, 18, 27, 23, 0], [26, 4, 17, 11, 28, 8, 0], [19, 0, 0, 0, 0, 0, 0], [1, 4, 15, 16, 23, 28, 0], [26, 13, 1, 2, 28, 27, 0], [12, 13, 11, 10, 22, 28, 0], [6, 15, 17, 8, 3, 23, 0]]
valid routes=1.0
norm-reward=0.790906096193585
[ 11 iterations]
real=[[20, 2, 17, 24, 22, 8, 0], [7, 25, 12, 3, 19, 27, 0], [5, 13, 12, 2, 19, 8, 0], [11, 9, 8, 0, 0, 0, 0], [12, 8, 18, 25, 23, 16, 0], [7, 4, 15, 14, 3, 27, 0], [23, 0, 0, 0, 0, 0, 0], [7, 25, 12, 19, 23, 1, 0], [26, 22, 18, 3, 19, 27, 0], [26, 12, 21, 24, 23, 6, 0]]
gen=[[24, 2, 20, 22, 17, 8, 0], [7, 25, 12, 27, 3, 19, 0], [5, 13, 2, 12, 19, 8, 0], [8, 11, 9, 0, 0, 0, 0], [25, 18, 12, 16, 23, 8, 0], [7, 4, 14, 15, 27, 3, 0], [23, 0, 0, 0, 0, 0, 0], [7, 25, 1, 12, 19, 23, 0], [26, 18, 3, 22, 27, 19, 0], [26, 24, 6, 21, 12, 23, 0]]
valid routes=1.0
norm-reward=0.7959472881125682
[ 12 iterations]
real=[[4, 0, 0, 0, 0, 0, 0], [20, 10, 17, 9, 21, 8, 0], [26, 13, 15, 21, 18, 9, 0], [26, 2, 20, 5, 12, 16, 0], [25, 13, 17, 3, 18, 8, 0], [7, 20, 21, 24, 23, 15, 0], [24, 25, 20, 14, 9, 2, 0], [26, 20, 18, 25, 13, 16, 0], [26, 24, 17, 5, 12, 16, 0], [27, 13, 15, 10, 23, 2, 0]]
gen=[[4, 0, 0, 0, 0, 0, 0], [20, 17, 21, 10, 9, 8, 0], [26, 13, 18, 15, 21, 9, 0], [26, 5, 20, 2, 12, 16, 0], [25, 13, 18, 3, 8, 17, 0], [7, 24, 20, 21, 15, 23, 0], [24, 25, 14, 20, 2, 9, 0], [26, 13, 25, 20, 18, 16, 0], [26, 24, 5, 16, 12, 17, 0], [23, 13, 2, 15, 10, 27, 0]]
valid routes=1.0
norm-reward=0.7972336463009907
[ 13 iterations]
real=[[5, 2, 17, 11, 19, 9, 0], [17, 22, 18, 10, 19, 2, 0], [7, 22, 18, 25, 6, 10, 0], [26, 25, 20, 14, 7, 11, 0], [26, 25, 18, 14, 13, 15, 0], [1, 4, 11, 9, 0, 0, 0], [24, 20, 17, 14, 3, 10, 0], [20, 9, 17, 14, 23, 16, 0], [24, 2, 28, 14, 5, 11, 0], [5, 25, 20, 28, 27, 7, 0]]
gen=[[5, 2, 19, 11, 17, 9, 0], [17, 22, 2, 18, 10, 19, 0], [7, 25, 6, 18, 22, 10, 0], [26, 25, 14, 7, 20, 11, 0], [26, 13, 25, 14, 18, 15, 0], [1, 4, 11, 9, 0, 0, 0], [24, 20, 14, 17, 10, 3, 0], [14, 20, 16, 9, 17, 23, 0], [5, 24, 14, 2, 11, 28, 0], [7, 25, 20, 5, 27, 28, 0]]
valid routes=1.0
norm-reward=0.7922920205658224
[ 14 iterations]
real=[[26, 20, 10, 0, 0, 0, 0], [5, 15, 18, 4, 19, 16, 0], [19, 2, 15, 14, 0, 0, 0], [12, 2, 15, 11, 19, 10, 0], [7, 22, 21, 5, 27, 8, 0], [2, 9, 21, 3, 0, 0, 0], [7, 4, 27, 24, 6, 0, 0], [6, 24, 19, 0, 0, 0, 0], [17, 8, 15, 9, 19, 23, 0], [16, 3, 18, 28, 23, 8, 0]]
gen=[[26, 20, 10, 0, 0, 0, 0], [5, 16, 4, 18, 15, 19, 0], [14, 2, 15, 19, 0, 0, 0], [12, 2, 11, 15, 19, 10, 0], [7, 5, 21, 27, 22, 8, 0], [9, 2, 21, 3, 0, 0, 0], [7, 24, 6, 4, 27, 0, 0], [24, 6, 19, 0, 0, 0, 0], [23, 17, 9, 15, 19, 8, 0], [18, 23, 16, 3, 8, 28, 0]]
valid routes=1.0
norm-reward=0.793603040881082
[ 15 iterations]
real=[[1, 22, 15, 25, 21, 10, 0], [5, 20, 15, 3, 23, 17, 0], [7, 4, 24, 14, 6, 8, 0], [5, 4, 1, 14, 6, 8, 0], [5, 4, 15, 6, 18, 10, 0], [26, 4, 3, 6, 19, 23, 0], [24, 8, 15, 9, 23, 1, 0], [7, 4, 20, 14, 8, 2, 0], [26, 10, 21, 11, 23, 8, 0], [7, 5, 1, 11, 0, 0, 0]]
gen=[[1, 25, 15, 21, 22, 10, 0], [5, 20, 15, 17, 3, 23, 0], [7, 24, 14, 6, 4, 8, 0], [14, 1, 6, 4, 5, 8, 0], [5, 4, 6, 18, 15, 10, 0], [26, 4, 6, 19, 3, 23, 0], [1, 24, 15, 8, 23, 9, 0], [7, 14, 20, 4, 2, 8, 0], [26, 8, 21, 11, 23, 10, 0], [7, 5, 1, 11, 0, 0, 0]]
valid routes=1.0
norm-reward=0.7998370640034786
[ 16 iterations]
real=[[26, 13, 3, 11, 22, 8, 0], [14, 24, 0, 0, 0, 0, 0], [1, 13, 10, 28, 27, 9, 0], [5, 12, 0, 0, 0, 0, 0], [1, 22, 3, 11, 23, 2, 0], [26, 22, 18, 4, 23, 17, 0], [26, 2, 15, 11, 3, 9, 0], [6, 4, 15, 3, 21, 9, 0], [20, 23, 0, 0, 0, 0, 0], [5, 22, 3, 14, 27, 7, 0]]
gen=[[26, 13, 11, 8, 3, 22, 0], [14, 24, 0, 0, 0, 0, 0], [1, 13, 27, 28, 9, 10, 0], [5, 12, 0, 0, 0, 0, 0], [1, 2, 11, 23, 3, 22, 0], [26, 22, 4, 18, 17, 23, 0], [26, 2, 11, 9, 15, 3, 0], [6, 4, 21, 3, 15, 9, 0], [20, 23, 0, 0, 0, 0, 0], [7, 22, 14, 27, 5, 3, 0]]
valid routes=1.0
norm-reward=0.7998784229146193
[ 17 iterations]
real=[[12, 2, 17, 10, 27, 8, 0], [24, 4, 20, 25, 22, 1, 0], [26, 8, 15, 0, 0, 0, 0], [11, 20, 27, 0, 0, 0, 0], [7, 25, 26, 11, 6, 16, 0], [26, 4, 21, 17, 27, 10, 0], [5, 12, 21, 17, 19, 23, 0], [26, 25, 3, 28, 19, 10, 0], [12, 20, 18, 24, 23, 10, 0], [1, 13, 20, 5, 22, 8, 0]]
gen=[[12, 2, 8, 27, 17, 10, 0], [1, 25, 24, 20, 4, 22, 0], [26, 8, 15, 0, 0, 0, 0], [20, 27, 11, 0, 0, 0, 0], [26, 25, 7, 6, 11, 16, 0], [26, 4, 27, 21, 10, 17, 0], [5, 12, 21, 17, 19, 23, 0], [26, 25, 28, 10, 3, 19, 0], [24, 20, 12, 18, 10, 23, 0], [5, 13, 1, 20, 8, 22, 0]]
valid routes=1.0
norm-reward=0.7969924908976427
[ 18 iterations]
real=[[7, 25, 26, 28, 6, 27, 0], [24, 20, 18, 11, 22, 10, 0], [7, 20, 28, 14, 22, 8, 0], [26, 20, 17, 9, 10, 2, 0], [1, 20, 15, 14, 4, 16, 0], [27, 13, 15, 25, 19, 16, 0], [12, 9, 10, 3, 18, 8, 0], [26, 2, 17, 4, 19, 10, 0], [20, 22, 17, 24, 19, 27, 0], [6, 5, 11, 14, 19, 23, 0]]
gen=[[26, 25, 7, 6, 27, 28, 0], [24, 22, 20, 18, 11, 10, 0], [7, 22, 14, 20, 8, 28, 0], [26, 20, 2, 9, 17, 10, 0], [14, 1, 20, 4, 16, 15, 0], [25, 13, 27, 15, 16, 19, 0], [12, 8, 18, 3, 9, 10, 0], [26, 2, 4, 10, 19, 17, 0], [24, 22, 20, 27, 17, 19, 0], [14, 5, 6, 11, 23, 19, 0]]
valid routes=1.0
norm-reward=0.7948313767653026
[ 19 iterations]
real=[[28, 0, 0, 0, 0, 0, 0], [24, 28, 0, 0, 0, 0, 0], [24, 12, 18, 21, 23, 1, 0], [12, 9, 10, 14, 23, 8, 0], [11, 2, 21, 28, 13, 16, 0], [26, 22, 17, 28, 3, 9, 0], [6, 20, 21, 27, 19, 16, 0], [24, 4, 15, 14, 19, 22, 0], [5, 2, 10, 11, 27, 16, 0], [26, 20, 17, 9, 16, 2, 0]]
gen=[[28, 0, 0, 0, 0, 0, 0], [24, 28, 0, 0, 0, 0, 0], [1, 24, 12, 18, 21, 23, 0], [14, 12, 8, 9, 23, 10, 0], [11, 13, 2, 21, 16, 28, 0], [26, 22, 28, 9, 3, 17, 0], [20, 19, 6, 27, 21, 16, 0], [14, 22, 24, 4, 15, 19, 0], [5, 2, 11, 27, 16, 10, 0], [26, 20, 2, 16, 9, 17, 0]]
valid routes=1.0
norm-reward=0.8007381942589659
[ 20 iterations]
real=[[19, 2, 21, 0, 0, 0, 0], [14, 5, 18, 28, 19, 17, 0], [24, 25, 15, 28, 22, 23, 0], [24, 15, 18, 21, 23, 27, 0], [26, 4, 17, 28, 8, 11, 0], [19, 0, 0, 0, 0, 0, 0], [1, 4, 15, 28, 23, 16, 0], [26, 13, 2, 28, 27, 1, 0], [11, 13, 12, 28, 22, 10, 0], [6, 17, 15, 3, 23, 8, 0]]
gen=[[2, 21, 19, 0, 0, 0, 0], [14, 19, 5, 17, 18, 28, 0], [24, 22, 25, 23, 15, 28, 0], [24, 23, 27, 18, 21, 15, 0], [26, 4, 11, 17, 28, 8, 0], [19, 0, 0, 0, 0, 0, 0], [1, 15, 23, 4, 28, 16, 0], [26, 13, 1, 27, 2, 28, 0], [11, 13, 12, 22, 10, 28, 0], [6, 8, 15, 17, 3, 23, 0]]
valid routes=1.0
norm-reward=0.8164194221972341
[ 21 iterations]
real=[[20, 2, 17, 24, 22, 8, 0], [7, 25, 12, 3, 19, 27, 0], [5, 13, 12, 2, 19, 8, 0], [11, 9, 8, 0, 0, 0, 0], [12, 8, 18, 25, 23, 16, 0], [7, 4, 15, 14, 3, 27, 0], [23, 0, 0, 0, 0, 0, 0], [7, 25, 12, 19, 23, 1, 0], [26, 22, 18, 3, 19, 27, 0], [26, 12, 21, 24, 23, 6, 0]]
gen=[[24, 22, 20, 17, 2, 8, 0], [7, 25, 12, 27, 19, 3, 0], [5, 13, 12, 2, 8, 19, 0], [11, 8, 9, 0, 0, 0, 0], [25, 12, 8, 16, 18, 23, 0], [7, 14, 27, 4, 3, 15, 0], [23, 0, 0, 0, 0, 0, 0], [7, 25, 1, 12, 23, 19, 0], [26, 22, 27, 18, 19, 3, 0], [26, 24, 12, 6, 21, 23, 0]]
valid routes=1.0
norm-reward=0.8253491323202179
[ 22 iterations]
real=[[4, 0, 0, 0, 0, 0, 0], [20, 10, 17, 9, 21, 8, 0], [26, 13, 15, 21, 18, 9, 0], [26, 2, 20, 5, 12, 16, 0], [25, 13, 17, 3, 18, 8, 0], [7, 20, 21, 24, 23, 15, 0], [24, 25, 20, 14, 9, 2, 0], [26, 20, 18, 25, 13, 16, 0], [26, 24, 17, 5, 12, 16, 0], [27, 13, 15, 10, 23, 2, 0]]
gen=[[4, 0, 0, 0, 0, 0, 0], [20, 8, 10, 17, 21, 9, 0], [26, 13, 9, 15, 21, 18, 0], [26, 20, 12, 5, 2, 16, 0], [25, 13, 3, 8, 17, 18, 0], [7, 20, 21, 24, 23, 15, 0], [14, 25, 20, 24, 2, 9, 0], [26, 13, 25, 20, 18, 16, 0], [26, 24, 12, 5, 17, 16, 0], [27, 13, 10, 2, 15, 23, 0]]
valid routes=1.0
norm-reward=0.8163136723357518
[ 23 iterations]
real=[[5, 2, 17, 11, 19, 9, 0], [17, 22, 18, 10, 19, 2, 0], [7, 22, 18, 25, 6, 10, 0], [26, 25, 20, 14, 7, 11, 0], [26, 25, 18, 14, 13, 15, 0], [1, 4, 11, 9, 0, 0, 0], [24, 20, 17, 14, 3, 10, 0], [20, 9, 17, 14, 23, 16, 0], [24, 2, 28, 14, 5, 11, 0], [5, 25, 20, 28, 27, 7, 0]]
gen=[[5, 11, 2, 19, 17, 9, 0], [22, 2, 19, 10, 17, 18, 0], [7, 22, 25, 6, 10, 18, 0], [26, 25, 7, 20, 14, 11, 0], [26, 13, 25, 14, 18, 15, 0], [1, 11, 9, 4, 0, 0, 0], [14, 20, 24, 10, 17, 3, 0], [14, 20, 16, 17, 23, 9, 0], [14, 11, 5, 24, 2, 28, 0], [7, 25, 20, 5, 27, 28, 0]]
valid routes=1.0
norm-reward=0.8130268855970125
[ 24 iterations]
real=[[26, 20, 10, 0, 0, 0, 0], [5, 15, 18, 4, 19, 16, 0], [19, 2, 15, 14, 0, 0, 0], [12, 2, 15, 11, 19, 10, 0], [7, 22, 21, 5, 27, 8, 0], [2, 9, 21, 3, 0, 0, 0], [7, 4, 27, 24, 6, 0, 0], [6, 24, 19, 0, 0, 0, 0], [17, 8, 15, 9, 19, 23, 0], [16, 3, 18, 28, 23, 8, 0]]
gen=[[26, 20, 10, 0, 0, 0, 0], [5, 16, 18, 4, 15, 19, 0], [14, 2, 15, 19, 0, 0, 0], [11, 2, 12, 10, 19, 15, 0], [7, 22, 8, 5, 27, 21, 0], [3, 2, 21, 9, 0, 0, 0], [7, 24, 27, 6, 4, 0, 0], [24, 6, 19, 0, 0, 0, 0], [8, 9, 15, 23, 19, 17, 0], [8, 16, 18, 28, 23, 3, 0]]
valid routes=1.0
norm-reward=0.824535377856087
[ 25 iterations]
real=[[1, 22, 15, 25, 21, 10, 0], [5, 20, 15, 3, 23, 17, 0], [7, 4, 24, 14, 6, 8, 0], [5, 4, 1, 14, 6, 8, 0], [5, 4, 15, 6, 18, 10, 0], [26, 4, 3, 6, 19, 23, 0], [24, 8, 15, 9, 23, 1, 0], [7, 4, 20, 14, 8, 2, 0], [26, 10, 21, 11, 23, 8, 0], [7, 5, 1, 11, 0, 0, 0]]
gen=[[1, 22, 25, 21, 10, 15, 0], [5, 20, 15, 3, 17, 23, 0], [7, 8, 14, 24, 6, 4, 0], [5, 8, 1, 6, 14, 4, 0], [5, 18, 10, 6, 4, 15, 0], [26, 19, 6, 3, 4, 23, 0], [1, 8, 24, 23, 15, 9, 0], [7, 8, 20, 2, 14, 4, 0], [26, 8, 11, 10, 23, 21, 0], [7, 11, 1, 5, 0, 0, 0]]
valid routes=1.0
norm-reward=0.8147663299487706
[ 26 iterations]
real=[[26, 13, 3, 11, 22, 8, 0], [14, 24, 0, 0, 0, 0, 0], [1, 13, 10, 28, 27, 9, 0], [5, 12, 0, 0, 0, 0, 0], [1, 22, 3, 11, 23, 2, 0], [26, 22, 18, 4, 23, 17, 0], [26, 2, 15, 11, 3, 9, 0], [6, 4, 15, 3, 21, 9, 0], [20, 23, 0, 0, 0, 0, 0], [5, 22, 3, 14, 27, 7, 0]]
gen=[[26, 13, 11, 8, 22, 3, 0], [14, 24, 0, 0, 0, 0, 0], [1, 13, 10, 27, 9, 28, 0], [5, 12, 0, 0, 0, 0, 0], [1, 22, 11, 2, 3, 23, 0], [26, 22, 4, 18, 23, 17, 0], [26, 11, 2, 3, 9, 15, 0], [6, 3, 4, 9, 21, 15, 0], [20, 23, 0, 0, 0, 0, 0], [7, 22, 5, 14, 27, 3, 0]]
valid routes=1.0
norm-reward=0.8183621603278729
[ 27 iterations]
real=[[12, 2, 17, 10, 27, 8, 0], [24, 4, 20, 25, 22, 1, 0], [26, 8, 15, 0, 0, 0, 0], [11, 20, 27, 0, 0, 0, 0], [7, 25, 26, 11, 6, 16, 0], [26, 4, 21, 17, 27, 10, 0], [5, 12, 21, 17, 19, 23, 0], [26, 25, 3, 28, 19, 10, 0], [12, 20, 18, 24, 23, 10, 0], [1, 13, 20, 5, 22, 8, 0]]
gen=[[12, 8, 27, 2, 10, 17, 0], [1, 22, 25, 20, 24, 4, 0], [26, 8, 15, 0, 0, 0, 0], [20, 11, 27, 0, 0, 0, 0], [26, 25, 7, 11, 16, 6, 0], [26, 27, 4, 10, 21, 17, 0], [5, 12, 23, 21, 17, 19, 0], [26, 25, 10, 3, 28, 19, 0], [24, 20, 12, 10, 23, 18, 0], [5, 13, 1, 20, 8, 22, 0]]
valid routes=1.0
norm-reward=0.8247941795883852
[ 28 iterations]
real=[[7, 25, 26, 28, 6, 27, 0], [24, 20, 18, 11, 22, 10, 0], [7, 20, 28, 14, 22, 8, 0], [26, 20, 17, 9, 10, 2, 0], [1, 20, 15, 14, 4, 16, 0], [27, 13, 15, 25, 19, 16, 0], [12, 9, 10, 3, 18, 8, 0], [26, 2, 17, 4, 19, 10, 0], [20, 22, 17, 24, 19, 27, 0], [6, 5, 11, 14, 19, 23, 0]]
gen=[[26, 25, 7, 27, 6, 28, 0], [24, 22, 20, 11, 10, 18, 0], [7, 22, 20, 8, 14, 28, 0], [26, 20, 10, 2, 9, 17, 0], [14, 20, 1, 4, 15, 16, 0], [25, 13, 27, 15, 16, 19, 0], [12, 8, 10, 18, 3, 9, 0], [26, 2, 10, 4, 19, 17, 0], [24, 22, 20, 27, 19, 17, 0], [5, 11, 14, 6, 23, 19, 0]]
valid routes=1.0
norm-reward=0.8397117610650869
[ 29 iterations]
real=[[28, 0, 0, 0, 0, 0, 0], [24, 28, 0, 0, 0, 0, 0], [24, 12, 18, 21, 23, 1, 0], [12, 9, 10, 14, 23, 8, 0], [11, 2, 21, 28, 13, 16, 0], [26, 22, 17, 28, 3, 9, 0], [6, 20, 21, 27, 19, 16, 0], [24, 4, 15, 14, 19, 22, 0], [5, 2, 10, 11, 27, 16, 0], [26, 20, 17, 9, 16, 2, 0]]
gen=[[28, 0, 0, 0, 0, 0, 0], [24, 28, 0, 0, 0, 0, 0], [1, 24, 12, 18, 21, 23, 0], [14, 8, 12, 10, 23, 9, 0], [11, 13, 21, 16, 28, 2, 0], [26, 22, 17, 3, 28, 9, 0], [20, 27, 6, 19, 16, 21, 0], [14, 22, 24, 4, 19, 15, 0], [5, 11, 27, 10, 2, 16, 0], [26, 20, 2, 9, 16, 17, 0]]
valid routes=1.0
norm-reward=0.8432244854618666
[ 30 iterations]
real=[[19, 2, 21, 0, 0, 0, 0], [14, 5, 18, 28, 19, 17, 0], [24, 25, 15, 28, 22, 23, 0], [24, 15, 18, 21, 23, 27, 0], [26, 4, 17, 28, 8, 11, 0], [19, 0, 0, 0, 0, 0, 0], [1, 4, 15, 28, 23, 16, 0], [26, 13, 2, 28, 27, 1, 0], [11, 13, 12, 28, 22, 10, 0], [6, 17, 15, 3, 23, 8, 0]]
gen=[[19, 2, 21, 0, 0, 0, 0], [5, 14, 18, 17, 28, 19, 0], [24, 22, 25, 15, 28, 23, 0], [24, 18, 27, 21, 23, 15, 0], [26, 8, 11, 4, 28, 17, 0], [19, 0, 0, 0, 0, 0, 0], [1, 23, 16, 4, 28, 15, 0], [26, 13, 1, 27, 2, 28, 0], [11, 13, 12, 22, 10, 28, 0], [8, 15, 6, 3, 23, 17, 0]]
valid routes=1.0
norm-reward=0.8352016930670525
[ 31 iterations]
real=[[20, 2, 17, 24, 22, 8, 0], [7, 25, 12, 3, 19, 27, 0], [5, 13, 12, 2, 19, 8, 0], [11, 9, 8, 0, 0, 0, 0], [12, 8, 18, 25, 23, 16, 0], [7, 4, 15, 14, 3, 27, 0], [23, 0, 0, 0, 0, 0, 0], [7, 25, 12, 19, 23, 1, 0], [26, 22, 18, 3, 19, 27, 0], [26, 12, 21, 24, 23, 6, 0]]
gen=[[24, 22, 20, 8, 2, 17, 0], [7, 25, 12, 27, 3, 19, 0], [5, 13, 12, 8, 2, 19, 0], [11, 8, 9, 0, 0, 0, 0], [12, 25, 8, 18, 16, 23, 0], [7, 14, 27, 3, 4, 15, 0], [23, 0, 0, 0, 0, 0, 0], [7, 25, 12, 1, 19, 23, 0], [26, 22, 27, 3, 18, 19, 0], [26, 24, 12, 21, 6, 23, 0]]
valid routes=1.0
norm-reward=0.848564270007916
[ 32 iterations]
real=[[4, 0, 0, 0, 0, 0, 0], [20, 10, 17, 9, 21, 8, 0], [26, 13, 15, 21, 18, 9, 0], [26, 2, 20, 5, 12, 16, 0], [25, 13, 17, 3, 18, 8, 0], [7, 20, 21, 24, 23, 15, 0], [24, 25, 20, 14, 9, 2, 0], [26, 20, 18, 25, 13, 16, 0], [26, 24, 17, 5, 12, 16, 0], [27, 13, 15, 10, 23, 2, 0]]
gen=[[4, 0, 0, 0, 0, 0, 0], [20, 8, 10, 21, 17, 9, 0], [26, 13, 21, 18, 9, 15, 0], [26, 20, 12, 5, 2, 16, 0], [25, 13, 18, 8, 3, 17, 0], [7, 20, 24, 21, 15, 23, 0], [14, 25, 20, 24, 2, 9, 0], [26, 13, 20, 25, 18, 16, 0], [26, 24, 12, 5, 17, 16, 0], [27, 13, 10, 2, 23, 15, 0]]
valid routes=1.0
norm-reward=0.8456782013596694
[ 33 iterations]
real=[[5, 2, 17, 11, 19, 9, 0], [17, 22, 18, 10, 19, 2, 0], [7, 22, 18, 25, 6, 10, 0], [26, 25, 20, 14, 7, 11, 0], [26, 25, 18, 14, 13, 15, 0], [1, 4, 11, 9, 0, 0, 0], [24, 20, 17, 14, 3, 10, 0], [20, 9, 17, 14, 23, 16, 0], [24, 2, 28, 14, 5, 11, 0], [5, 25, 20, 28, 27, 7, 0]]
gen=[[5, 2, 11, 17, 19, 9, 0], [10, 22, 18, 2, 17, 19, 0], [7, 22, 10, 25, 18, 6, 0], [26, 25, 20, 7, 11, 14, 0], [26, 13, 25, 14, 18, 15, 0], [1, 11, 9, 4, 0, 0, 0], [14, 20, 10, 24, 17, 3, 0], [14, 20, 17, 9, 16, 23, 0], [5, 24, 14, 2, 11, 28, 0], [7, 25, 20, 27, 5, 28, 0]]
valid routes=1.0
norm-reward=0.8447727561241082
[ 34 iterations]
real=[[26, 20, 10, 0, 0, 0, 0], [5, 15, 18, 4, 19, 16, 0], [19, 2, 15, 14, 0, 0, 0], [12, 2, 15, 11, 19, 10, 0], [7, 22, 21, 5, 27, 8, 0], [2, 9, 21, 3, 0, 0, 0], [7, 4, 27, 24, 6, 0, 0], [6, 24, 19, 0, 0, 0, 0], [17, 8, 15, 9, 19, 23, 0], [16, 3, 18, 28, 23, 8, 0]]
gen=[[26, 20, 10, 0, 0, 0, 0], [5, 18, 16, 4, 19, 15, 0], [14, 2, 15, 19, 0, 0, 0], [11, 10, 12, 2, 15, 19, 0], [7, 22, 5, 8, 27, 21, 0], [21, 2, 3, 9, 0, 0, 0], [7, 24, 27, 6, 4, 0, 0], [24, 6, 19, 0, 0, 0, 0], [8, 9, 17, 19, 23, 15, 0], [16, 8, 18, 3, 28, 23, 0]]
valid routes=1.0
norm-reward=0.8500288270195342
[ 35 iterations]
real=[[1, 22, 15, 25, 21, 10, 0], [5, 20, 15, 3, 23, 17, 0], [7, 4, 24, 14, 6, 8, 0], [5, 4, 1, 14, 6, 8, 0], [5, 4, 15, 6, 18, 10, 0], [26, 4, 3, 6, 19, 23, 0], [24, 8, 15, 9, 23, 1, 0], [7, 4, 20, 14, 8, 2, 0], [26, 10, 21, 11, 23, 8, 0], [7, 5, 1, 11, 0, 0, 0]]
gen=[[1, 22, 10, 25, 21, 15, 0], [5, 20, 17, 3, 23, 15, 0], [7, 8, 24, 14, 4, 6, 0], [5, 8, 1, 14, 6, 4, 0], [5, 10, 18, 4, 6, 15, 0], [26, 4, 6, 3, 19, 23, 0], [1, 8, 24, 9, 23, 15, 0], [7, 8, 20, 14, 2, 4, 0], [26, 8, 10, 11, 21, 23, 0], [7, 11, 1, 5, 0, 0, 0]]
valid routes=1.0
norm-reward=0.8524788142448151
[ 36 iterations]
real=[[26, 13, 3, 11, 22, 8, 0], [14, 24, 0, 0, 0, 0, 0], [1, 13, 10, 28, 27, 9, 0], [5, 12, 0, 0, 0, 0, 0], [1, 22, 3, 11, 23, 2, 0], [26, 22, 18, 4, 23, 17, 0], [26, 2, 15, 11, 3, 9, 0], [6, 4, 15, 3, 21, 9, 0], [20, 23, 0, 0, 0, 0, 0], [5, 22, 3, 14, 27, 7, 0]]
gen=[[26, 13, 22, 11, 8, 3, 0], [24, 14, 0, 0, 0, 0, 0], [1, 13, 10, 27, 28, 9, 0], [5, 12, 0, 0, 0, 0, 0], [1, 22, 11, 2, 3, 23, 0], [26, 22, 18, 4, 17, 23, 0], [26, 2, 11, 9, 3, 15, 0], [6, 9, 21, 4, 15, 3, 0], [20, 23, 0, 0, 0, 0, 0], [7, 22, 27, 14, 3, 5, 0]]
valid routes=1.0
norm-reward=0.8408524258657308
[ 37 iterations]
real=[[12, 2, 17, 10, 27, 8, 0], [24, 4, 20, 25, 22, 1, 0], [26, 8, 15, 0, 0, 0, 0], [11, 20, 27, 0, 0, 0, 0], [7, 25, 26, 11, 6, 16, 0], [26, 4, 21, 17, 27, 10, 0], [5, 12, 21, 17, 19, 23, 0], [26, 25, 3, 28, 19, 10, 0], [12, 20, 18, 24, 23, 10, 0], [1, 13, 20, 5, 22, 8, 0]]
gen=[[27, 8, 12, 10, 2, 17, 0], [1, 22, 20, 25, 24, 4, 0], [26, 8, 15, 0, 0, 0, 0], [20, 27, 11, 0, 0, 0, 0], [26, 25, 7, 11, 6, 16, 0], [26, 10, 27, 4, 21, 17, 0], [5, 12, 21, 17, 19, 23, 0], [26, 25, 10, 3, 28, 19, 0], [24, 20, 12, 10, 18, 23, 0], [5, 13, 20, 1, 8, 22, 0]]
valid routes=1.0
norm-reward=0.8362603481670571
[ 38 iterations]
real=[[7, 25, 26, 28, 6, 27, 0], [24, 20, 18, 11, 22, 10, 0], [7, 20, 28, 14, 22, 8, 0], [26, 20, 17, 9, 10, 2, 0], [1, 20, 15, 14, 4, 16, 0], [27, 13, 15, 25, 19, 16, 0], [12, 9, 10, 3, 18, 8, 0], [26, 2, 17, 4, 19, 10, 0], [20, 22, 17, 24, 19, 27, 0], [6, 5, 11, 14, 19, 23, 0]]
gen=[[26, 25, 27, 7, 6, 28, 0], [24, 22, 10, 20, 11, 18, 0], [7, 22, 20, 8, 14, 28, 0], [26, 20, 10, 2, 9, 17, 0], [14, 20, 1, 4, 16, 15, 0], [27, 13, 25, 16, 15, 19, 0], [12, 8, 10, 18, 3, 9, 0], [26, 10, 2, 4, 17, 19, 0], [24, 22, 20, 27, 19, 17, 0], [5, 14, 11, 6, 19, 23, 0]]
valid routes=1.0
norm-reward=0.8492635648812423
[ 39 iterations]
real=[[28, 0, 0, 0, 0, 0, 0], [24, 28, 0, 0, 0, 0, 0], [24, 12, 18, 21, 23, 1, 0], [12, 9, 10, 14, 23, 8, 0], [11, 2, 21, 28, 13, 16, 0], [26, 22, 17, 28, 3, 9, 0], [6, 20, 21, 27, 19, 16, 0], [24, 4, 15, 14, 19, 22, 0], [5, 2, 10, 11, 27, 16, 0], [26, 20, 17, 9, 16, 2, 0]]
gen=[[28, 0, 0, 0, 0, 0, 0], [24, 28, 0, 0, 0, 0, 0], [1, 24, 12, 18, 21, 23, 0], [14, 8, 10, 12, 23, 9, 0], [11, 13, 21, 2, 16, 28, 0], [26, 22, 17, 9, 28, 3, 0], [20, 27, 21, 6, 19, 16, 0], [24, 22, 14, 4, 19, 15, 0], [5, 10, 27, 11, 2, 16, 0], [26, 20, 2, 9, 16, 17, 0]]
valid routes=1.0
norm-reward=0.843812003048715
[ 40 iterations]
real=[[19, 2, 21, 0, 0, 0, 0], [14, 5, 18, 28, 19, 17, 0], [24, 25, 15, 28, 22, 23, 0], [24, 15, 18, 21, 23, 27, 0], [26, 4, 17, 28, 8, 11, 0], [19, 0, 0, 0, 0, 0, 0], [1, 4, 15, 28, 23, 16, 0], [26, 13, 2, 28, 27, 1, 0], [11, 13, 12, 28, 22, 10, 0], [6, 17, 15, 3, 23, 8, 0]]
gen=[[21, 2, 19, 0, 0, 0, 0], [5, 14, 18, 19, 17, 28, 0], [24, 22, 25, 15, 28, 23, 0], [24, 27, 18, 21, 15, 23, 0], [26, 8, 11, 4, 28, 17, 0], [19, 0, 0, 0, 0, 0, 0], [1, 16, 23, 4, 28, 15, 0], [26, 13, 1, 27, 2, 28, 0], [11, 13, 12, 10, 22, 28, 0], [6, 8, 17, 3, 15, 23, 0]]
valid routes=1.0
norm-reward=0.839111530060496
[ 41 iterations]
real=[[20, 2, 17, 24, 22, 8, 0], [7, 25, 12, 3, 19, 27, 0], [5, 13, 12, 2, 19, 8, 0], [11, 9, 8, 0, 0, 0, 0], [12, 8, 18, 25, 23, 16, 0], [7, 4, 15, 14, 3, 27, 0], [23, 0, 0, 0, 0, 0, 0], [7, 25, 12, 19, 23, 1, 0], [26, 22, 18, 3, 19, 27, 0], [26, 12, 21, 24, 23, 6, 0]]
gen=[[24, 22, 20, 8, 2, 17, 0], [7, 25, 12, 27, 3, 19, 0], [5, 13, 12, 8, 2, 19, 0], [11, 8, 9, 0, 0, 0, 0], [12, 8, 25, 18, 23, 16, 0], [7, 27, 14, 4, 3, 15, 0], [23, 0, 0, 0, 0, 0, 0], [7, 25, 1, 12, 23, 19, 0], [26, 22, 27, 18, 19, 3, 0], [26, 24, 12, 21, 6, 23, 0]]
valid routes=1.0
norm-reward=0.8420790164430313
[ 42 iterations]
real=[[4, 0, 0, 0, 0, 0, 0], [20, 10, 17, 9, 21, 8, 0], [26, 13, 15, 21, 18, 9, 0], [26, 2, 20, 5, 12, 16, 0], [25, 13, 17, 3, 18, 8, 0], [7, 20, 21, 24, 23, 15, 0], [24, 25, 20, 14, 9, 2, 0], [26, 20, 18, 25, 13, 16, 0], [26, 24, 17, 5, 12, 16, 0], [27, 13, 15, 10, 23, 2, 0]]
gen=[[4, 0, 0, 0, 0, 0, 0], [20, 10, 21, 8, 9, 17, 0], [26, 13, 18, 9, 21, 15, 0], [26, 20, 12, 5, 2, 16, 0], [25, 13, 8, 18, 3, 17, 0], [7, 20, 24, 21, 15, 23, 0], [24, 25, 20, 14, 2, 9, 0], [26, 13, 20, 25, 18, 16, 0], [26, 24, 12, 5, 16, 17, 0], [27, 13, 10, 2, 15, 23, 0]]
valid routes=1.0
norm-reward=0.8434438503740332
[ 43 iterations]
real=[[5, 2, 17, 11, 19, 9, 0], [17, 22, 18, 10, 19, 2, 0], [7, 22, 18, 25, 6, 10, 0], [26, 25, 20, 14, 7, 11, 0], [26, 25, 18, 14, 13, 15, 0], [1, 4, 11, 9, 0, 0, 0], [24, 20, 17, 14, 3, 10, 0], [20, 9, 17, 14, 23, 16, 0], [24, 2, 28, 14, 5, 11, 0], [5, 25, 20, 28, 27, 7, 0]]
gen=[[5, 2, 17, 11, 9, 19, 0], [10, 22, 18, 2, 17, 19, 0], [7, 22, 10, 25, 6, 18, 0], [26, 25, 20, 7, 11, 14, 0], [26, 13, 25, 14, 18, 15, 0], [1, 11, 9, 4, 0, 0, 0], [24, 20, 10, 14, 3, 17, 0], [14, 20, 17, 9, 23, 16, 0], [5, 24, 14, 11, 2, 28, 0], [7, 25, 20, 27, 5, 28, 0]]
valid routes=1.0
norm-reward=0.8342674806996511
[ 44 iterations]
real=[[26, 20, 10, 0, 0, 0, 0], [5, 15, 18, 4, 19, 16, 0], [19, 2, 15, 14, 0, 0, 0], [12, 2, 15, 11, 19, 10, 0], [7, 22, 21, 5, 27, 8, 0], [2, 9, 21, 3, 0, 0, 0], [7, 4, 27, 24, 6, 0, 0], [6, 24, 19, 0, 0, 0, 0], [17, 8, 15, 9, 19, 23, 0], [16, 3, 18, 28, 23, 8, 0]]
gen=[[26, 20, 10, 0, 0, 0, 0], [5, 4, 18, 16, 19, 15, 0], [14, 2, 15, 19, 0, 0, 0], [11, 10, 12, 2, 19, 15, 0], [7, 22, 27, 8, 21, 5, 0], [3, 2, 21, 9, 0, 0, 0], [7, 24, 27, 4, 6, 0, 0], [24, 6, 19, 0, 0, 0, 0], [8, 9, 17, 23, 15, 19, 0], [16, 8, 18, 3, 28, 23, 0]]
valid routes=1.0
norm-reward=0.8482587454751198
[ 45 iterations]
real=[[1, 22, 15, 25, 21, 10, 0], [5, 20, 15, 3, 23, 17, 0], [7, 4, 24, 14, 6, 8, 0], [5, 4, 1, 14, 6, 8, 0], [5, 4, 15, 6, 18, 10, 0], [26, 4, 3, 6, 19, 23, 0], [24, 8, 15, 9, 23, 1, 0], [7, 4, 20, 14, 8, 2, 0], [26, 10, 21, 11, 23, 8, 0], [7, 5, 1, 11, 0, 0, 0]]
gen=[[1, 22, 10, 25, 21, 15, 0], [5, 20, 17, 3, 15, 23, 0], [7, 8, 24, 4, 14, 6, 0], [5, 8, 1, 14, 6, 4, 0], [5, 10, 18, 4, 6, 15, 0], [26, 4, 6, 3, 19, 23, 0], [1, 8, 24, 9, 23, 15, 0], [7, 8, 20, 14, 2, 4, 0], [26, 8, 10, 11, 21, 23, 0], [7, 11, 1, 5, 0, 0, 0]]
valid routes=1.0
norm-reward=0.84777594834194
[ 46 iterations]
real=[[26, 13, 3, 11, 22, 8, 0], [14, 24, 0, 0, 0, 0, 0], [1, 13, 10, 28, 27, 9, 0], [5, 12, 0, 0, 0, 0, 0], [1, 22, 3, 11, 23, 2, 0], [26, 22, 18, 4, 23, 17, 0], [26, 2, 15, 11, 3, 9, 0], [6, 4, 15, 3, 21, 9, 0], [20, 23, 0, 0, 0, 0, 0], [5, 22, 3, 14, 27, 7, 0]]
gen=[[26, 13, 22, 11, 3, 8, 0], [24, 14, 0, 0, 0, 0, 0], [1, 13, 10, 27, 9, 28, 0], [5, 12, 0, 0, 0, 0, 0], [1, 22, 11, 2, 3, 23, 0], [26, 22, 17, 4, 18, 23, 0], [26, 2, 9, 11, 3, 15, 0], [6, 9, 15, 4, 21, 3, 0], [20, 23, 0, 0, 0, 0, 0], [7, 22, 27, 14, 5, 3, 0]]
valid routes=1.0
norm-reward=0.839670923885815
[ 47 iterations]
real=[[12, 2, 17, 10, 27, 8, 0], [24, 4, 20, 25, 22, 1, 0], [26, 8, 15, 0, 0, 0, 0], [11, 20, 27, 0, 0, 0, 0], [7, 25, 26, 11, 6, 16, 0], [26, 4, 21, 17, 27, 10, 0], [5, 12, 21, 17, 19, 23, 0], [26, 25, 3, 28, 19, 10, 0], [12, 20, 18, 24, 23, 10, 0], [1, 13, 20, 5, 22, 8, 0]]
gen=[[27, 8, 10, 12, 2, 17, 0], [1, 22, 20, 25, 24, 4, 0], [26, 8, 15, 0, 0, 0, 0], [20, 27, 11, 0, 0, 0, 0], [26, 25, 7, 11, 6, 16, 0], [26, 10, 27, 4, 21, 17, 0], [5, 12, 21, 17, 23, 19, 0], [26, 25, 10, 3, 19, 28, 0], [24, 20, 12, 10, 18, 23, 0], [5, 13, 20, 1, 22, 8, 0]]
valid routes=1.0
norm-reward=0.8369219732028982
[ 48 iterations]
real=[[7, 25, 26, 28, 6, 27, 0], [24, 20, 18, 11, 22, 10, 0], [7, 20, 28, 14, 22, 8, 0], [26, 20, 17, 9, 10, 2, 0], [1, 20, 15, 14, 4, 16, 0], [27, 13, 15, 25, 19, 16, 0], [12, 9, 10, 3, 18, 8, 0], [26, 2, 17, 4, 19, 10, 0], [20, 22, 17, 24, 19, 27, 0], [6, 5, 11, 14, 19, 23, 0]]
gen=[[26, 25, 27, 7, 6, 28, 0], [24, 22, 10, 20, 11, 18, 0], [7, 22, 20, 8, 14, 28, 0], [26, 20, 10, 2, 17, 9, 0], [14, 20, 1, 15, 4, 16, 0], [27, 13, 25, 15, 19, 16, 0], [12, 8, 10, 9, 18, 3, 0], [26, 10, 2, 4, 17, 19, 0], [24, 22, 27, 20, 17, 19, 0], [5, 14, 11, 19, 6, 23, 0]]
valid routes=1.0
norm-reward=0.8468934224822243
[ 49 iterations]
real=[[28, 0, 0, 0, 0, 0, 0], [24, 28, 0, 0, 0, 0, 0], [24, 12, 18, 21, 23, 1, 0], [12, 9, 10, 14, 23, 8, 0], [11, 2, 21, 28, 13, 16, 0], [26, 22, 17, 28, 3, 9, 0], [6, 20, 21, 27, 19, 16, 0], [24, 4, 15, 14, 19, 22, 0], [5, 2, 10, 11, 27, 16, 0], [26, 20, 17, 9, 16, 2, 0]]
gen=[[28, 0, 0, 0, 0, 0, 0], [24, 28, 0, 0, 0, 0, 0], [1, 24, 12, 18, 21, 23, 0], [14, 8, 10, 12, 23, 9, 0], [11, 13, 2, 21, 16, 28, 0], [26, 22, 17, 9, 3, 28, 0], [20, 27, 21, 6, 16, 19, 0], [24, 22, 14, 4, 19, 15, 0], [5, 10, 27, 2, 11, 16, 0], [26, 20, 2, 9, 17, 16, 0]]
valid routes=1.0
norm-reward=0.8411609165134929
