read problem
[ 1 iterations]
real=[[1, 17, 23, 27, 20, 0], [15, 13, 27, 17, 24, 0], [21, 11, 3, 14, 28, 0], [22, 4, 28, 7, 27, 0], [21, 25, 1, 10, 4, 0], [22, 4, 23, 11, 17, 0], [22, 11, 12, 20, 24, 0], [27, 0, 0, 0, 0, 0], [6, 2, 22, 21, 24, 0], [7, 2, 3, 14, 26, 0]]
gen=[[1, 17, 23, 20, 27, 0], [15, 27, 13, 17, 24, 0], [21, 14, 3, 28, 11, 0], [4, 7, 22, 28, 27, 0], [4, 1, 25, 21, 10, 0], [4, 22, 23, 11, 17, 0], [22, 24, 12, 11, 20, 0], [27, 0, 0, 0, 0, 0], [6, 2, 21, 22, 24, 0], [2, 7, 3, 14, 26, 0]]
valid routes=1.0
norm-reward=0.8158944728660492
[ 2 iterations]
real=[[3, 18, 12, 17, 4, 0], [1, 4, 9, 20, 12, 0], [6, 18, 5, 19, 20, 0], [21, 13, 19, 11, 24, 0], [6, 4, 22, 20, 13, 0], [21, 25, 28, 10, 24, 0], [21, 18, 28, 20, 24, 0], [21, 1, 3, 10, 12, 0], [21, 28, 5, 17, 24, 0], [22, 16, 9, 25, 23, 0]]
gen=[[18, 4, 17, 12, 3, 0], [1, 4, 9, 20, 12, 0], [6, 18, 19, 5, 20, 0], [21, 19, 13, 24, 11, 0], [22, 4, 6, 20, 13, 0], [21, 25, 28, 24, 10, 0], [21, 18, 20, 28, 24, 0], [21, 1, 3, 10, 12, 0], [21, 17, 5, 28, 24, 0], [16, 25, 9, 22, 23, 0]]
valid routes=1.0
norm-reward=0.8712143354196281
[ 3 iterations]
real=[[22, 2, 3, 4, 24, 0], [22, 16, 9, 28, 3, 0], [1, 2, 22, 11, 10, 0], [22, 23, 9, 28, 12, 0], [22, 16, 5, 28, 27, 0], [19, 4, 9, 13, 0, 0], [21, 19, 12, 26, 24, 0], [8, 4, 9, 14, 27, 0], [15, 16, 3, 14, 28, 0], [8, 2, 27, 17, 24, 0]]
gen=[[22, 4, 2, 3, 24, 0], [16, 22, 9, 3, 28, 0], [1, 2, 22, 10, 11, 0], [22, 28, 9, 23, 12, 0], [16, 28, 22, 5, 27, 0], [19, 4, 9, 13, 0, 0], [21, 19, 26, 12, 24, 0], [8, 4, 9, 14, 27, 0], [15, 16, 3, 28, 14, 0], [8, 2, 27, 24, 17, 0]]
valid routes=1.0
norm-reward=0.8641748879042604
[ 4 iterations]
real=[[19, 8, 9, 28, 24, 0], [21, 23, 9, 11, 27, 0], [13, 25, 3, 26, 10, 0], [19, 4, 9, 28, 12, 0], [21, 2, 18, 14, 17, 0], [15, 25, 12, 21, 24, 0], [7, 18, 22, 14, 10, 0], [17, 4, 8, 0, 0, 0], [15, 23, 9, 10, 24, 0], [7, 17, 27, 14, 20, 0]]
gen=[[8, 19, 9, 24, 28, 0], [21, 23, 9, 11, 27, 0], [3, 25, 13, 26, 10, 0], [19, 4, 9, 12, 28, 0], [21, 18, 2, 17, 14, 0], [21, 15, 25, 12, 24, 0], [7, 18, 10, 22, 14, 0], [8, 4, 17, 0, 0, 0], [15, 23, 9, 10, 24, 0], [7, 17, 27, 14, 20, 0]]
valid routes=1.0
norm-reward=0.859974660030911
[ 5 iterations]
real=[[15, 11, 5, 14, 9, 0], [7, 6, 26, 11, 17, 0], [11, 25, 13, 10, 20, 0], [9, 6, 12, 17, 20, 0], [3, 28, 5, 11, 27, 0], [27, 2, 3, 25, 13, 0], [6, 4, 0, 0, 0, 0], [11, 20, 1, 10, 24, 0], [6, 18, 28, 27, 8, 0], [19, 5, 0, 0, 0, 0]]
gen=[[15, 14, 9, 11, 5, 0], [7, 6, 17, 26, 11, 0], [20, 25, 13, 11, 10, 0], [6, 20, 9, 12, 17, 0], [28, 5, 27, 11, 3, 0], [2, 25, 13, 3, 27, 0], [6, 4, 0, 0, 0, 0], [1, 11, 24, 20, 10, 0], [8, 18, 6, 28, 27, 0], [19, 5, 0, 0, 0, 0]]
valid routes=1.0
norm-reward=0.8587126515721071
[ 6 iterations]
real=[[12, 11, 0, 0, 0, 0], [1, 18, 28, 2, 25, 0], [7, 25, 3, 26, 27, 0], [13, 4, 12, 10, 0, 0], [22, 0, 0, 0, 0, 0], [15, 2, 1, 17, 4, 0], [11, 18, 16, 14, 27, 0], [22, 24, 3, 26, 10, 0], [15, 18, 3, 28, 22, 0], [11, 2, 25, 14, 13, 0]]
gen=[[11, 12, 0, 0, 0, 0], [1, 18, 2, 25, 28, 0], [7, 25, 3, 27, 26, 0], [4, 13, 12, 10, 0, 0], [22, 0, 0, 0, 0, 0], [15, 4, 2, 1, 17, 0], [16, 18, 11, 27, 14, 0], [22, 26, 24, 3, 10, 0], [15, 18, 3, 28, 22, 0], [2, 13, 25, 11, 14, 0]]
valid routes=1.0
norm-reward=0.8674322226869456
[ 7 iterations]
real=[[8, 6, 9, 14, 20, 0], [19, 4, 9, 10, 3, 0], [17, 0, 0, 0, 0, 0], [22, 6, 19, 25, 20, 0], [16, 18, 23, 25, 17, 0], [9, 8, 28, 14, 17, 0], [13, 6, 27, 10, 20, 0], [15, 8, 5, 13, 12, 0], [9, 6, 23, 17, 10, 0], [25, 4, 27, 20, 24, 0]]
gen=[[8, 6, 9, 14, 20, 0], [19, 4, 3, 9, 10, 0], [17, 0, 0, 0, 0, 0], [6, 25, 19, 22, 20, 0], [16, 18, 25, 17, 23, 0], [8, 17, 9, 28, 14, 0], [6, 13, 20, 27, 10, 0], [15, 8, 13, 5, 12, 0], [6, 17, 9, 23, 10, 0], [4, 25, 27, 20, 24, 0]]
valid routes=1.0
norm-reward=0.8740067869104116
[ 8 iterations]
real=[[15, 11, 28, 14, 17, 0], [21, 14, 24, 0, 0, 0], [15, 18, 26, 14, 13, 0], [17, 25, 16, 14, 24, 0], [28, 2, 3, 17, 12, 0], [22, 11, 12, 20, 13, 0], [1, 25, 5, 21, 8, 0], [15, 16, 9, 11, 20, 0], [22, 17, 23, 20, 24, 0], [22, 2, 26, 25, 4, 0]]
gen=[[15, 17, 11, 28, 14, 0], [21, 14, 24, 0, 0, 0], [15, 18, 13, 26, 14, 0], [16, 17, 25, 14, 24, 0], [17, 2, 28, 12, 3, 0], [22, 13, 11, 12, 20, 0], [21, 8, 1, 25, 5, 0], [15, 16, 9, 11, 20, 0], [17, 22, 20, 23, 24, 0], [22, 4, 2, 25, 26, 0]]
valid routes=1.0
norm-reward=0.8685789466699958
[ 9 iterations]
real=[[15, 28, 5, 17, 9, 0], [16, 8, 3, 25, 12, 0], [15, 7, 27, 14, 8, 0], [9, 2, 5, 15, 8, 0], [25, 4, 23, 14, 24, 0], [15, 6, 18, 14, 27, 0], [21, 25, 22, 10, 24, 0], [6, 2, 28, 7, 21, 0], [12, 18, 0, 0, 0, 0], [8, 20, 0, 0, 0, 0]]
gen=[[15, 17, 9, 28, 5, 0], [8, 16, 25, 3, 12, 0], [15, 8, 7, 14, 27, 0], [15, 2, 8, 9, 5, 0], [4, 25, 23, 14, 24, 0], [15, 18, 6, 14, 27, 0], [21, 22, 25, 10, 24, 0], [21, 2, 6, 28, 7, 0], [18, 12, 0, 0, 0, 0], [8, 20, 0, 0, 0, 0]]
valid routes=1.0
norm-reward=0.8694835715614659
[ 10 iterations]
real=[[22, 2, 28, 17, 8, 0], [15, 6, 5, 22, 4, 0], [6, 4, 12, 11, 20, 0], [21, 4, 26, 11, 10, 0], [15, 22, 5, 10, 23, 0], [2, 4, 19, 25, 13, 0], [21, 2, 19, 14, 17, 0], [21, 8, 22, 0, 0, 0], [3, 18, 0, 0, 0, 0], [21, 11, 9, 17, 20, 0]]
gen=[[17, 2, 8, 22, 28, 0], [15, 4, 6, 22, 5, 0], [6, 4, 11, 20, 12, 0], [21, 4, 11, 10, 26, 0], [15, 22, 23, 10, 5, 0], [19, 4, 2, 13, 25, 0], [21, 2, 19, 17, 14, 0], [21, 8, 22, 0, 0, 0], [18, 3, 0, 0, 0, 0], [21, 17, 11, 9, 20, 0]]
valid routes=1.0
norm-reward=0.8775435217800692
[ 11 iterations]
real=[[1, 17, 23, 27, 20, 0], [15, 13, 27, 17, 24, 0], [21, 11, 3, 14, 28, 0], [22, 4, 28, 7, 27, 0], [21, 25, 1, 10, 4, 0], [22, 4, 23, 11, 17, 0], [22, 11, 12, 20, 24, 0], [27, 0, 0, 0, 0, 0], [6, 2, 22, 21, 24, 0], [7, 2, 3, 14, 26, 0]]
gen=[[17, 1, 23, 27, 20, 0], [17, 13, 15, 27, 24, 0], [21, 11, 28, 3, 14, 0], [7, 4, 22, 28, 27, 0], [21, 4, 1, 25, 10, 0], [17, 4, 22, 11, 23, 0], [22, 11, 12, 24, 20, 0], [27, 0, 0, 0, 0, 0], [21, 2, 6, 22, 24, 0], [7, 2, 3, 14, 26, 0]]
valid routes=1.0
norm-reward=0.8778667372067512
[ 12 iterations]
real=[[3, 18, 12, 17, 4, 0], [1, 4, 9, 20, 12, 0], [6, 18, 5, 19, 20, 0], [21, 13, 19, 11, 24, 0], [6, 4, 22, 20, 13, 0], [21, 25, 28, 10, 24, 0], [21, 18, 28, 20, 24, 0], [21, 1, 3, 10, 12, 0], [21, 28, 5, 17, 24, 0], [22, 16, 9, 25, 23, 0]]
gen=[[17, 18, 4, 12, 3, 0], [1, 4, 12, 9, 20, 0], [6, 18, 19, 20, 5, 0], [21, 13, 19, 11, 24, 0], [6, 4, 22, 13, 20, 0], [21, 25, 28, 10, 24, 0], [21, 18, 28, 20, 24, 0], [21, 1, 3, 10, 12, 0], [21, 17, 28, 5, 24, 0], [16, 22, 25, 23, 9, 0]]
valid routes=1.0
norm-reward=0.8798585031414579
[ 13 iterations]
real=[[22, 2, 3, 4, 24, 0], [22, 16, 9, 28, 3, 0], [1, 2, 22, 11, 10, 0], [22, 23, 9, 28, 12, 0], [22, 16, 5, 28, 27, 0], [19, 4, 9, 13, 0, 0], [21, 19, 12, 26, 24, 0], [8, 4, 9, 14, 27, 0], [15, 16, 3, 14, 28, 0], [8, 2, 27, 17, 24, 0]]
gen=[[22, 4, 2, 3, 24, 0], [16, 22, 28, 3, 9, 0], [1, 2, 22, 11, 10, 0], [22, 28, 23, 9, 12, 0], [16, 22, 28, 5, 27, 0], [19, 4, 13, 9, 0, 0], [21, 19, 24, 26, 12, 0], [8, 4, 14, 9, 27, 0], [15, 16, 28, 3, 14, 0], [17, 2, 8, 24, 27, 0]]
valid routes=1.0
norm-reward=0.877392230049429
[ 14 iterations]
real=[[19, 8, 9, 28, 24, 0], [21, 23, 9, 11, 27, 0], [13, 25, 3, 26, 10, 0], [19, 4, 9, 28, 12, 0], [21, 2, 18, 14, 17, 0], [15, 25, 12, 21, 24, 0], [7, 18, 22, 14, 10, 0], [17, 4, 8, 0, 0, 0], [15, 23, 9, 10, 24, 0], [7, 17, 27, 14, 20, 0]]
gen=[[8, 19, 28, 9, 24, 0], [21, 11, 23, 27, 9, 0], [13, 25, 10, 3, 26, 0], [19, 4, 28, 9, 12, 0], [21, 18, 2, 17, 14, 0], [21, 15, 25, 12, 24, 0], [7, 18, 22, 10, 14, 0], [17, 4, 8, 0, 0, 0], [15, 10, 24, 9, 23, 0], [17, 7, 20, 14, 27, 0]]
valid routes=1.0
norm-reward=0.8633820340732336
[ 15 iterations]
real=[[15, 11, 5, 14, 9, 0], [7, 6, 26, 11, 17, 0], [11, 25, 13, 10, 20, 0], [9, 6, 12, 17, 20, 0], [3, 28, 5, 11, 27, 0], [27, 2, 3, 25, 13, 0], [6, 4, 0, 0, 0, 0], [11, 20, 1, 10, 24, 0], [6, 18, 28, 27, 8, 0], [19, 5, 0, 0, 0, 0]]
gen=[[15, 11, 5, 9, 14, 0], [17, 6, 11, 7, 26, 0], [10, 13, 11, 25, 20, 0], [17, 6, 9, 20, 12, 0], [11, 28, 3, 5, 27, 0], [2, 13, 25, 3, 27, 0], [6, 4, 0, 0, 0, 0], [1, 10, 11, 24, 20, 0], [8, 18, 6, 28, 27, 0], [19, 5, 0, 0, 0, 0]]
valid routes=1.0
norm-reward=0.8621890529022374
[ 16 iterations]
real=[[12, 11, 0, 0, 0, 0], [1, 18, 28, 2, 25, 0], [7, 25, 3, 26, 27, 0], [13, 4, 12, 10, 0, 0], [22, 0, 0, 0, 0, 0], [15, 2, 1, 17, 4, 0], [11, 18, 16, 14, 27, 0], [22, 24, 3, 26, 10, 0], [15, 18, 3, 28, 22, 0], [11, 2, 25, 14, 13, 0]]
gen=[[11, 12, 0, 0, 0, 0], [1, 18, 2, 28, 25, 0], [7, 25, 26, 27, 3, 0], [10, 4, 13, 12, 0, 0], [22, 0, 0, 0, 0, 0], [17, 4, 1, 2, 15, 0], [16, 18, 11, 27, 14, 0], [10, 22, 26, 3, 24, 0], [15, 18, 22, 28, 3, 0], [2, 11, 13, 25, 14, 0]]
valid routes=1.0
norm-reward=0.8725265061446453
[ 17 iterations]
real=[[8, 6, 9, 14, 20, 0], [19, 4, 9, 10, 3, 0], [17, 0, 0, 0, 0, 0], [22, 6, 19, 25, 20, 0], [16, 18, 23, 25, 17, 0], [9, 8, 28, 14, 17, 0], [13, 6, 27, 10, 20, 0], [15, 8, 5, 13, 12, 0], [9, 6, 23, 17, 10, 0], [25, 4, 27, 20, 24, 0]]
gen=[[8, 6, 9, 14, 20, 0], [10, 4, 19, 9, 3, 0], [17, 0, 0, 0, 0, 0], [6, 22, 19, 25, 20, 0], [17, 18, 16, 25, 23, 0], [17, 8, 28, 9, 14, 0], [10, 6, 13, 20, 27, 0], [15, 8, 13, 5, 12, 0], [17, 6, 10, 23, 9, 0], [4, 25, 20, 27, 24, 0]]
valid routes=1.0
norm-reward=0.8775899459630074
[ 18 iterations]
real=[[15, 11, 28, 14, 17, 0], [21, 14, 24, 0, 0, 0], [15, 18, 26, 14, 13, 0], [17, 25, 16, 14, 24, 0], [28, 2, 3, 17, 12, 0], [22, 11, 12, 20, 13, 0], [1, 25, 5, 21, 8, 0], [15, 16, 9, 11, 20, 0], [22, 17, 23, 20, 24, 0], [22, 2, 26, 25, 4, 0]]
gen=[[17, 11, 28, 15, 14, 0], [21, 24, 14, 0, 0, 0], [15, 18, 13, 14, 26, 0], [17, 16, 25, 14, 24, 0], [17, 2, 28, 12, 3, 0], [22, 13, 11, 20, 12, 0], [21, 8, 1, 25, 5, 0], [15, 16, 11, 9, 20, 0], [17, 22, 23, 24, 20, 0], [22, 4, 2, 25, 26, 0]]
valid routes=1.0
norm-reward=0.8709618943615323
[ 19 iterations]
real=[[15, 28, 5, 17, 9, 0], [16, 8, 3, 25, 12, 0], [15, 7, 27, 14, 8, 0], [9, 2, 5, 15, 8, 0], [25, 4, 23, 14, 24, 0], [15, 6, 18, 14, 27, 0], [21, 25, 22, 10, 24, 0], [6, 2, 28, 7, 21, 0], [12, 18, 0, 0, 0, 0], [8, 20, 0, 0, 0, 0]]
gen=[[17, 15, 28, 9, 5, 0], [16, 8, 25, 12, 3, 0], [15, 8, 7, 14, 27, 0], [15, 2, 8, 9, 5, 0], [4, 25, 23, 14, 24, 0], [15, 18, 6, 14, 27, 0], [21, 10, 22, 25, 24, 0], [21, 2, 6, 28, 7, 0], [18, 12, 0, 0, 0, 0], [8, 20, 0, 0, 0, 0]]
valid routes=1.0
norm-reward=0.8749045470567531
[ 20 iterations]
real=[[22, 2, 28, 17, 8, 0], [15, 6, 5, 22, 4, 0], [6, 4, 12, 11, 20, 0], [21, 4, 26, 11, 10, 0], [15, 22, 5, 10, 23, 0], [2, 4, 19, 25, 13, 0], [21, 2, 19, 14, 17, 0], [21, 8, 22, 0, 0, 0], [3, 18, 0, 0, 0, 0], [21, 11, 9, 17, 20, 0]]
gen=[[17, 2, 22, 8, 28, 0], [15, 4, 22, 6, 5, 0], [6, 4, 11, 20, 12, 0], [21, 4, 11, 10, 26, 0], [15, 10, 22, 23, 5, 0], [19, 4, 25, 13, 2, 0], [21, 2, 19, 17, 14, 0], [21, 8, 22, 0, 0, 0], [18, 3, 0, 0, 0, 0], [21, 11, 9, 20, 17, 0]]
valid routes=1.0
norm-reward=0.8804618759590256
[ 21 iterations]
real=[[1, 17, 23, 27, 20, 0], [15, 13, 27, 17, 24, 0], [21, 11, 3, 14, 28, 0], [22, 4, 28, 7, 27, 0], [21, 25, 1, 10, 4, 0], [22, 4, 23, 11, 17, 0], [22, 11, 12, 20, 24, 0], [27, 0, 0, 0, 0, 0], [6, 2, 22, 21, 24, 0], [7, 2, 3, 14, 26, 0]]
gen=[[1, 17, 23, 27, 20, 0], [15, 13, 17, 27, 24, 0], [21, 11, 28, 14, 3, 0], [7, 4, 22, 28, 27, 0], [21, 4, 1, 25, 10, 0], [17, 4, 22, 11, 23, 0], [22, 11, 24, 20, 12, 0], [27, 0, 0, 0, 0, 0], [21, 2, 22, 6, 24, 0], [7, 2, 14, 26, 3, 0]]
valid routes=1.0
norm-reward=0.8711404511650535
[ 22 iterations]
real=[[3, 18, 12, 17, 4, 0], [1, 4, 9, 20, 12, 0], [6, 18, 5, 19, 20, 0], [21, 13, 19, 11, 24, 0], [6, 4, 22, 20, 13, 0], [21, 25, 28, 10, 24, 0], [21, 18, 28, 20, 24, 0], [21, 1, 3, 10, 12, 0], [21, 28, 5, 17, 24, 0], [22, 16, 9, 25, 23, 0]]
gen=[[17, 18, 4, 3, 12, 0], [1, 4, 9, 12, 20, 0], [6, 18, 19, 5, 20, 0], [21, 13, 19, 11, 24, 0], [6, 4, 22, 13, 20, 0], [21, 10, 28, 25, 24, 0], [21, 18, 28, 20, 24, 0], [21, 10, 1, 12, 3, 0], [21, 28, 17, 5, 24, 0], [16, 25, 22, 23, 9, 0]]
valid routes=1.0
norm-reward=0.874948756568626
[ 23 iterations]
real=[[22, 2, 3, 4, 24, 0], [22, 16, 9, 28, 3, 0], [1, 2, 22, 11, 10, 0], [22, 23, 9, 28, 12, 0], [22, 16, 5, 28, 27, 0], [19, 4, 9, 13, 0, 0], [21, 19, 12, 26, 24, 0], [8, 4, 9, 14, 27, 0], [15, 16, 3, 14, 28, 0], [8, 2, 27, 17, 24, 0]]
gen=[[22, 4, 2, 3, 24, 0], [16, 22, 28, 3, 9, 0], [1, 2, 22, 11, 10, 0], [22, 28, 23, 12, 9, 0], [16, 22, 28, 27, 5, 0], [19, 4, 13, 9, 0, 0], [21, 19, 12, 24, 26, 0], [8, 4, 27, 9, 14, 0], [15, 16, 28, 14, 3, 0], [17, 2, 8, 27, 24, 0]]
valid routes=1.0
norm-reward=0.875956190968435
[ 24 iterations]
real=[[19, 8, 9, 28, 24, 0], [21, 23, 9, 11, 27, 0], [13, 25, 3, 26, 10, 0], [19, 4, 9, 28, 12, 0], [21, 2, 18, 14, 17, 0], [15, 25, 12, 21, 24, 0], [7, 18, 22, 14, 10, 0], [17, 4, 8, 0, 0, 0], [15, 23, 9, 10, 24, 0], [7, 17, 27, 14, 20, 0]]
gen=[[8, 19, 28, 9, 24, 0], [21, 11, 27, 23, 9, 0], [10, 13, 25, 3, 26, 0], [19, 4, 28, 12, 9, 0], [21, 18, 2, 17, 14, 0], [21, 25, 15, 12, 24, 0], [7, 18, 22, 10, 14, 0], [17, 4, 8, 0, 0, 0], [15, 10, 23, 9, 24, 0], [17, 7, 27, 14, 20, 0]]
valid routes=1.0
norm-reward=0.8776236884996619
[ 25 iterations]
real=[[15, 11, 5, 14, 9, 0], [7, 6, 26, 11, 17, 0], [11, 25, 13, 10, 20, 0], [9, 6, 12, 17, 20, 0], [3, 28, 5, 11, 27, 0], [27, 2, 3, 25, 13, 0], [6, 4, 0, 0, 0, 0], [11, 20, 1, 10, 24, 0], [6, 18, 28, 27, 8, 0], [19, 5, 0, 0, 0, 0]]
gen=[[15, 11, 14, 9, 5, 0], [17, 6, 11, 7, 26, 0], [10, 13, 11, 25, 20, 0], [17, 6, 9, 12, 20, 0], [28, 11, 5, 27, 3, 0], [13, 2, 25, 27, 3, 0], [6, 4, 0, 0, 0, 0], [1, 10, 11, 24, 20, 0], [8, 18, 6, 28, 27, 0], [19, 5, 0, 0, 0, 0]]
valid routes=1.0
norm-reward=0.8754839774508582
[ 26 iterations]
real=[[12, 11, 0, 0, 0, 0], [1, 18, 28, 2, 25, 0], [7, 25, 3, 26, 27, 0], [13, 4, 12, 10, 0, 0], [22, 0, 0, 0, 0, 0], [15, 2, 1, 17, 4, 0], [11, 18, 16, 14, 27, 0], [22, 24, 3, 26, 10, 0], [15, 18, 3, 28, 22, 0], [11, 2, 25, 14, 13, 0]]
gen=[[11, 12, 0, 0, 0, 0], [1, 18, 28, 2, 25, 0], [7, 25, 27, 26, 3, 0], [10, 4, 13, 12, 0, 0], [22, 0, 0, 0, 0, 0], [15, 2, 1, 4, 17, 0], [16, 18, 11, 27, 14, 0], [10, 22, 3, 24, 26, 0], [15, 18, 22, 28, 3, 0], [13, 2, 11, 25, 14, 0]]
valid routes=1.0
norm-reward=0.8878366445592977
[ 27 iterations]
real=[[8, 6, 9, 14, 20, 0], [19, 4, 9, 10, 3, 0], [17, 0, 0, 0, 0, 0], [22, 6, 19, 25, 20, 0], [16, 18, 23, 25, 17, 0], [9, 8, 28, 14, 17, 0], [13, 6, 27, 10, 20, 0], [15, 8, 5, 13, 12, 0], [9, 6, 23, 17, 10, 0], [25, 4, 27, 20, 24, 0]]
gen=[[8, 6, 9, 14, 20, 0], [10, 4, 19, 3, 9, 0], [17, 0, 0, 0, 0, 0], [6, 25, 19, 22, 20, 0], [17, 18, 16, 25, 23, 0], [17, 8, 28, 14, 9, 0], [10, 6, 13, 27, 20, 0], [15, 8, 13, 12, 5, 0], [10, 6, 17, 23, 9, 0], [25, 4, 27, 20, 24, 0]]
valid routes=1.0
norm-reward=0.8878887217555577
[ 28 iterations]
real=[[15, 11, 28, 14, 17, 0], [21, 14, 24, 0, 0, 0], [15, 18, 26, 14, 13, 0], [17, 25, 16, 14, 24, 0], [28, 2, 3, 17, 12, 0], [22, 11, 12, 20, 13, 0], [1, 25, 5, 21, 8, 0], [15, 16, 9, 11, 20, 0], [22, 17, 23, 20, 24, 0], [22, 2, 26, 25, 4, 0]]
gen=[[15, 28, 11, 17, 14, 0], [21, 24, 14, 0, 0, 0], [15, 18, 13, 14, 26, 0], [17, 25, 16, 14, 24, 0], [17, 2, 28, 12, 3, 0], [22, 11, 13, 20, 12, 0], [21, 8, 1, 25, 5, 0], [15, 16, 11, 20, 9, 0], [17, 22, 23, 20, 24, 0], [22, 2, 25, 4, 26, 0]]
valid routes=1.0
norm-reward=0.8763120142305321
[ 29 iterations]
real=[[15, 28, 5, 17, 9, 0], [16, 8, 3, 25, 12, 0], [15, 7, 27, 14, 8, 0], [9, 2, 5, 15, 8, 0], [25, 4, 23, 14, 24, 0], [15, 6, 18, 14, 27, 0], [21, 25, 22, 10, 24, 0], [6, 2, 28, 7, 21, 0], [12, 18, 0, 0, 0, 0], [8, 20, 0, 0, 0, 0]]
gen=[[15, 28, 17, 5, 9, 0], [16, 8, 25, 3, 12, 0], [15, 8, 27, 14, 7, 0], [15, 2, 8, 9, 5, 0], [25, 4, 23, 14, 24, 0], [15, 18, 6, 27, 14, 0], [21, 25, 22, 10, 24, 0], [21, 2, 28, 6, 7, 0], [18, 12, 0, 0, 0, 0], [8, 20, 0, 0, 0, 0]]
valid routes=1.0
norm-reward=0.8790614078255794
[ 30 iterations]
real=[[22, 2, 28, 17, 8, 0], [15, 6, 5, 22, 4, 0], [6, 4, 12, 11, 20, 0], [21, 4, 26, 11, 10, 0], [15, 22, 5, 10, 23, 0], [2, 4, 19, 25, 13, 0], [21, 2, 19, 14, 17, 0], [21, 8, 22, 0, 0, 0], [3, 18, 0, 0, 0, 0], [21, 11, 9, 17, 20, 0]]
gen=[[17, 2, 28, 22, 8, 0], [15, 4, 22, 6, 5, 0], [6, 4, 11, 12, 20, 0], [21, 4, 11, 10, 26, 0], [15, 10, 22, 23, 5, 0], [19, 2, 13, 25, 4, 0], [21, 2, 19, 17, 14, 0], [21, 8, 22, 0, 0, 0], [18, 3, 0, 0, 0, 0], [21, 11, 17, 20, 9, 0]]
valid routes=1.0
norm-reward=0.8786138169420281
[ 31 iterations]
real=[[1, 17, 23, 27, 20, 0], [15, 13, 27, 17, 24, 0], [21, 11, 3, 14, 28, 0], [22, 4, 28, 7, 27, 0], [21, 25, 1, 10, 4, 0], [22, 4, 23, 11, 17, 0], [22, 11, 12, 20, 24, 0], [27, 0, 0, 0, 0, 0], [6, 2, 22, 21, 24, 0], [7, 2, 3, 14, 26, 0]]
gen=[[17, 1, 27, 23, 20, 0], [15, 13, 17, 27, 24, 0], [21, 28, 11, 3, 14, 0], [7, 4, 28, 22, 27, 0], [21, 4, 1, 25, 10, 0], [17, 4, 22, 11, 23, 0], [22, 11, 20, 24, 12, 0], [27, 0, 0, 0, 0, 0], [21, 2, 22, 6, 24, 0], [7, 2, 14, 3, 26, 0]]
valid routes=1.0
norm-reward=0.872076364925195
[ 32 iterations]
real=[[3, 18, 12, 17, 4, 0], [1, 4, 9, 20, 12, 0], [6, 18, 5, 19, 20, 0], [21, 13, 19, 11, 24, 0], [6, 4, 22, 20, 13, 0], [21, 25, 28, 10, 24, 0], [21, 18, 28, 20, 24, 0], [21, 1, 3, 10, 12, 0], [21, 28, 5, 17, 24, 0], [22, 16, 9, 25, 23, 0]]
gen=[[17, 18, 4, 3, 12, 0], [1, 4, 9, 12, 20, 0], [6, 18, 19, 5, 20, 0], [21, 13, 19, 11, 24, 0], [6, 4, 22, 13, 20, 0], [21, 25, 28, 10, 24, 0], [21, 18, 28, 24, 20, 0], [21, 1, 10, 3, 12, 0], [21, 28, 17, 24, 5, 0], [16, 25, 22, 23, 9, 0]]
valid routes=1.0
norm-reward=0.8735583176992994
[ 33 iterations]
real=[[22, 2, 3, 4, 24, 0], [22, 16, 9, 28, 3, 0], [1, 2, 22, 11, 10, 0], [22, 23, 9, 28, 12, 0], [22, 16, 5, 28, 27, 0], [19, 4, 9, 13, 0, 0], [21, 19, 12, 26, 24, 0], [8, 4, 9, 14, 27, 0], [15, 16, 3, 14, 28, 0], [8, 2, 27, 17, 24, 0]]
gen=[[22, 2, 4, 3, 24, 0], [16, 28, 22, 3, 9, 0], [1, 2, 22, 11, 10, 0], [22, 28, 23, 12, 9, 0], [16, 28, 22, 27, 5, 0], [13, 4, 19, 9, 0, 0], [21, 19, 12, 24, 26, 0], [8, 4, 27, 14, 9, 0], [15, 16, 28, 3, 14, 0], [17, 2, 8, 27, 24, 0]]
valid routes=1.0
norm-reward=0.8779132978012267
[ 34 iterations]
real=[[19, 8, 9, 28, 24, 0], [21, 23, 9, 11, 27, 0], [13, 25, 3, 26, 10, 0], [19, 4, 9, 28, 12, 0], [21, 2, 18, 14, 17, 0], [15, 25, 12, 21, 24, 0], [7, 18, 22, 14, 10, 0], [17, 4, 8, 0, 0, 0], [15, 23, 9, 10, 24, 0], [7, 17, 27, 14, 20, 0]]
gen=[[8, 28, 19, 9, 24, 0], [21, 11, 23, 27, 9, 0], [10, 25, 13, 3, 26, 0], [19, 4, 28, 12, 9, 0], [21, 18, 2, 17, 14, 0], [21, 25, 15, 24, 12, 0], [7, 18, 22, 10, 14, 0], [17, 4, 8, 0, 0, 0], [15, 10, 23, 9, 24, 0], [17, 7, 27, 14, 20, 0]]
valid routes=1.0
norm-reward=0.8747022822385708
[ 35 iterations]
real=[[15, 11, 5, 14, 9, 0], [7, 6, 26, 11, 17, 0], [11, 25, 13, 10, 20, 0], [9, 6, 12, 17, 20, 0], [3, 28, 5, 11, 27, 0], [27, 2, 3, 25, 13, 0], [6, 4, 0, 0, 0, 0], [11, 20, 1, 10, 24, 0], [6, 18, 28, 27, 8, 0], [19, 5, 0, 0, 0, 0]]
gen=[[15, 11, 5, 9, 14, 0], [17, 6, 11, 7, 26, 0], [10, 25, 13, 11, 20, 0], [17, 6, 9, 12, 20, 0], [28, 11, 5, 27, 3, 0], [13, 2, 25, 27, 3, 0], [6, 4, 0, 0, 0, 0], [1, 10, 11, 24, 20, 0], [8, 18, 28, 6, 27, 0], [19, 5, 0, 0, 0, 0]]
valid routes=1.0
norm-reward=0.8740213733531929
[ 36 iterations]
real=[[12, 11, 0, 0, 0, 0], [1, 18, 28, 2, 25, 0], [7, 25, 3, 26, 27, 0], [13, 4, 12, 10, 0, 0], [22, 0, 0, 0, 0, 0], [15, 2, 1, 17, 4, 0], [11, 18, 16, 14, 27, 0], [22, 24, 3, 26, 10, 0], [15, 18, 3, 28, 22, 0], [11, 2, 25, 14, 13, 0]]
gen=[[11, 12, 0, 0, 0, 0], [1, 18, 28, 25, 2, 0], [7, 25, 27, 3, 26, 0], [10, 4, 13, 12, 0, 0], [22, 0, 0, 0, 0, 0], [15, 2, 1, 4, 17, 0], [16, 18, 11, 27, 14, 0], [22, 10, 3, 24, 26, 0], [15, 18, 28, 22, 3, 0], [2, 25, 13, 11, 14, 0]]
valid routes=1.0
norm-reward=0.8810276863096044
[ 37 iterations]
real=[[8, 6, 9, 14, 20, 0], [19, 4, 9, 10, 3, 0], [17, 0, 0, 0, 0, 0], [22, 6, 19, 25, 20, 0], [16, 18, 23, 25, 17, 0], [9, 8, 28, 14, 17, 0], [13, 6, 27, 10, 20, 0], [15, 8, 5, 13, 12, 0], [9, 6, 23, 17, 10, 0], [25, 4, 27, 20, 24, 0]]
gen=[[8, 6, 20, 9, 14, 0], [19, 4, 10, 9, 3, 0], [17, 0, 0, 0, 0, 0], [6, 25, 19, 22, 20, 0], [17, 18, 25, 16, 23, 0], [17, 8, 28, 9, 14, 0], [10, 6, 13, 20, 27, 0], [15, 8, 13, 12, 5, 0], [10, 6, 17, 23, 9, 0], [25, 4, 27, 24, 20, 0]]
valid routes=1.0
norm-reward=0.884700632360177
[ 38 iterations]
real=[[15, 11, 28, 14, 17, 0], [21, 14, 24, 0, 0, 0], [15, 18, 26, 14, 13, 0], [17, 25, 16, 14, 24, 0], [28, 2, 3, 17, 12, 0], [22, 11, 12, 20, 13, 0], [1, 25, 5, 21, 8, 0], [15, 16, 9, 11, 20, 0], [22, 17, 23, 20, 24, 0], [22, 2, 26, 25, 4, 0]]
gen=[[15, 28, 11, 17, 14, 0], [21, 24, 14, 0, 0, 0], [15, 18, 13, 14, 26, 0], [17, 25, 16, 14, 24, 0], [17, 2, 28, 3, 12, 0], [22, 11, 13, 20, 12, 0], [21, 8, 1, 25, 5, 0], [15, 16, 11, 9, 20, 0], [17, 22, 23, 20, 24, 0], [22, 2, 25, 4, 26, 0]]
valid routes=1.0
norm-reward=0.8683712531214512
[ 39 iterations]
real=[[15, 28, 5, 17, 9, 0], [16, 8, 3, 25, 12, 0], [15, 7, 27, 14, 8, 0], [9, 2, 5, 15, 8, 0], [25, 4, 23, 14, 24, 0], [15, 6, 18, 14, 27, 0], [21, 25, 22, 10, 24, 0], [6, 2, 28, 7, 21, 0], [12, 18, 0, 0, 0, 0], [8, 20, 0, 0, 0, 0]]
gen=[[15, 28, 17, 9, 5, 0], [16, 8, 25, 3, 12, 0], [15, 8, 7, 14, 27, 0], [15, 2, 8, 9, 5, 0], [25, 4, 23, 24, 14, 0], [15, 18, 6, 14, 27, 0], [21, 25, 22, 10, 24, 0], [21, 2, 28, 6, 7, 0], [18, 12, 0, 0, 0, 0], [8, 20, 0, 0, 0, 0]]
valid routes=1.0
norm-reward=0.8744768410786288
[ 40 iterations]
real=[[22, 2, 28, 17, 8, 0], [15, 6, 5, 22, 4, 0], [6, 4, 12, 11, 20, 0], [21, 4, 26, 11, 10, 0], [15, 22, 5, 10, 23, 0], [2, 4, 19, 25, 13, 0], [21, 2, 19, 14, 17, 0], [21, 8, 22, 0, 0, 0], [3, 18, 0, 0, 0, 0], [21, 11, 9, 17, 20, 0]]
gen=[[17, 2, 28, 22, 8, 0], [15, 6, 22, 4, 5, 0], [6, 4, 11, 20, 12, 0], [21, 4, 11, 10, 26, 0], [15, 10, 22, 23, 5, 0], [13, 2, 19, 25, 4, 0], [21, 2, 19, 17, 14, 0], [21, 8, 22, 0, 0, 0], [18, 3, 0, 0, 0, 0], [21, 11, 9, 17, 20, 0]]
valid routes=1.0
norm-reward=0.8776711179027614
[ 41 iterations]
real=[[1, 17, 23, 27, 20, 0], [15, 13, 27, 17, 24, 0], [21, 11, 3, 14, 28, 0], [22, 4, 28, 7, 27, 0], [21, 25, 1, 10, 4, 0], [22, 4, 23, 11, 17, 0], [22, 11, 12, 20, 24, 0], [27, 0, 0, 0, 0, 0], [6, 2, 22, 21, 24, 0], [7, 2, 3, 14, 26, 0]]
gen=[[17, 1, 23, 27, 20, 0], [15, 13, 17, 24, 27, 0], [21, 28, 11, 3, 14, 0], [7, 4, 28, 22, 27, 0], [21, 4, 1, 25, 10, 0], [17, 4, 22, 11, 23, 0], [22, 11, 24, 12, 20, 0], [27, 0, 0, 0, 0, 0], [21, 2, 22, 6, 24, 0], [7, 2, 26, 3, 14, 0]]
valid routes=1.0
norm-reward=0.8689634309438332
[ 42 iterations]
real=[[3, 18, 12, 17, 4, 0], [1, 4, 9, 20, 12, 0], [6, 18, 5, 19, 20, 0], [21, 13, 19, 11, 24, 0], [6, 4, 22, 20, 13, 0], [21, 25, 28, 10, 24, 0], [21, 18, 28, 20, 24, 0], [21, 1, 3, 10, 12, 0], [21, 28, 5, 17, 24, 0], [22, 16, 9, 25, 23, 0]]
gen=[[17, 18, 4, 3, 12, 0], [1, 4, 9, 12, 20, 0], [6, 18, 19, 5, 20, 0], [21, 13, 19, 11, 24, 0], [6, 4, 22, 13, 20, 0], [21, 25, 28, 10, 24, 0], [21, 18, 28, 20, 24, 0], [21, 1, 10, 12, 3, 0], [21, 28, 17, 5, 24, 0], [16, 25, 22, 23, 9, 0]]
valid routes=1.0
norm-reward=0.8742321662416982
[ 43 iterations]
real=[[22, 2, 3, 4, 24, 0], [22, 16, 9, 28, 3, 0], [1, 2, 22, 11, 10, 0], [22, 23, 9, 28, 12, 0], [22, 16, 5, 28, 27, 0], [19, 4, 9, 13, 0, 0], [21, 19, 12, 26, 24, 0], [8, 4, 9, 14, 27, 0], [15, 16, 3, 14, 28, 0], [8, 2, 27, 17, 24, 0]]
gen=[[22, 2, 4, 24, 3, 0], [16, 28, 22, 9, 3, 0], [1, 2, 22, 11, 10, 0], [22, 28, 23, 12, 9, 0], [16, 28, 22, 27, 5, 0], [13, 4, 19, 9, 0, 0], [21, 19, 24, 12, 26, 0], [8, 4, 27, 14, 9, 0], [15, 16, 28, 14, 3, 0], [17, 2, 8, 27, 24, 0]]
valid routes=1.0
norm-reward=0.8771981203309527
[ 44 iterations]
real=[[19, 8, 9, 28, 24, 0], [21, 23, 9, 11, 27, 0], [13, 25, 3, 26, 10, 0], [19, 4, 9, 28, 12, 0], [21, 2, 18, 14, 17, 0], [15, 25, 12, 21, 24, 0], [7, 18, 22, 14, 10, 0], [17, 4, 8, 0, 0, 0], [15, 23, 9, 10, 24, 0], [7, 17, 27, 14, 20, 0]]
gen=[[8, 28, 19, 24, 9, 0], [21, 11, 23, 27, 9, 0], [13, 25, 10, 3, 26, 0], [19, 4, 28, 12, 9, 0], [21, 2, 18, 17, 14, 0], [21, 25, 15, 24, 12, 0], [7, 18, 22, 10, 14, 0], [17, 4, 8, 0, 0, 0], [15, 10, 23, 24, 9, 0], [17, 7, 20, 14, 27, 0]]
valid routes=1.0
norm-reward=0.872140303834842
[ 45 iterations]
real=[[15, 11, 5, 14, 9, 0], [7, 6, 26, 11, 17, 0], [11, 25, 13, 10, 20, 0], [9, 6, 12, 17, 20, 0], [3, 28, 5, 11, 27, 0], [27, 2, 3, 25, 13, 0], [6, 4, 0, 0, 0, 0], [11, 20, 1, 10, 24, 0], [6, 18, 28, 27, 8, 0], [19, 5, 0, 0, 0, 0]]
gen=[[15, 11, 14, 9, 5, 0], [17, 6, 11, 7, 26, 0], [13, 25, 11, 10, 20, 0], [17, 6, 9, 12, 20, 0], [11, 28, 27, 5, 3, 0], [13, 2, 25, 27, 3, 0], [6, 4, 0, 0, 0, 0], [1, 10, 11, 24, 20, 0], [8, 18, 28, 6, 27, 0], [19, 5, 0, 0, 0, 0]]
valid routes=1.0
norm-reward=0.8697730231179908
[ 46 iterations]
real=[[12, 11, 0, 0, 0, 0], [1, 18, 28, 2, 25, 0], [7, 25, 3, 26, 27, 0], [13, 4, 12, 10, 0, 0], [22, 0, 0, 0, 0, 0], [15, 2, 1, 17, 4, 0], [11, 18, 16, 14, 27, 0], [22, 24, 3, 26, 10, 0], [15, 18, 3, 28, 22, 0], [11, 2, 25, 14, 13, 0]]
gen=[[11, 12, 0, 0, 0, 0], [1, 2, 28, 25, 18, 0], [7, 25, 27, 3, 26, 0], [13, 4, 10, 12, 0, 0], [22, 0, 0, 0, 0, 0], [15, 2, 1, 4, 17, 0], [16, 18, 11, 27, 14, 0], [22, 10, 26, 24, 3, 0], [15, 18, 28, 22, 3, 0], [13, 2, 25, 11, 14, 0]]
valid routes=1.0
norm-reward=0.8739340404115545
[ 47 iterations]
real=[[8, 6, 9, 14, 20, 0], [19, 4, 9, 10, 3, 0], [17, 0, 0, 0, 0, 0], [22, 6, 19, 25, 20, 0], [16, 18, 23, 25, 17, 0], [9, 8, 28, 14, 17, 0], [13, 6, 27, 10, 20, 0], [15, 8, 5, 13, 12, 0], [9, 6, 23, 17, 10, 0], [25, 4, 27, 20, 24, 0]]
gen=[[8, 6, 14, 9, 20, 0], [19, 4, 10, 3, 9, 0], [17, 0, 0, 0, 0, 0], [6, 25, 19, 22, 20, 0], [17, 18, 25, 16, 23, 0], [17, 8, 28, 9, 14, 0], [13, 6, 10, 27, 20, 0], [15, 8, 13, 12, 5, 0], [10, 6, 23, 9, 17, 0], [25, 4, 20, 27, 24, 0]]
valid routes=1.0
norm-reward=0.8809877215431179
[ 48 iterations]
real=[[15, 11, 28, 14, 17, 0], [21, 14, 24, 0, 0, 0], [15, 18, 26, 14, 13, 0], [17, 25, 16, 14, 24, 0], [28, 2, 3, 17, 12, 0], [22, 11, 12, 20, 13, 0], [1, 25, 5, 21, 8, 0], [15, 16, 9, 11, 20, 0], [22, 17, 23, 20, 24, 0], [22, 2, 26, 25, 4, 0]]
gen=[[15, 28, 11, 17, 14, 0], [21, 24, 14, 0, 0, 0], [15, 18, 13, 26, 14, 0], [17, 25, 16, 14, 24, 0], [17, 2, 28, 3, 12, 0], [22, 11, 13, 12, 20, 0], [21, 8, 25, 1, 5, 0], [15, 16, 11, 9, 20, 0], [17, 22, 23, 24, 20, 0], [22, 2, 25, 4, 26, 0]]
valid routes=1.0
norm-reward=0.8704755868491305
[ 49 iterations]
real=[[15, 28, 5, 17, 9, 0], [16, 8, 3, 25, 12, 0], [15, 7, 27, 14, 8, 0], [9, 2, 5, 15, 8, 0], [25, 4, 23, 14, 24, 0], [15, 6, 18, 14, 27, 0], [21, 25, 22, 10, 24, 0], [6, 2, 28, 7, 21, 0], [12, 18, 0, 0, 0, 0], [8, 20, 0, 0, 0, 0]]
gen=[[15, 28, 17, 5, 9, 0], [16, 8, 25, 3, 12, 0], [15, 8, 7, 27, 14, 0], [15, 2, 8, 9, 5, 0], [25, 4, 23, 24, 14, 0], [15, 6, 18, 27, 14, 0], [21, 25, 22, 10, 24, 0], [21, 2, 28, 6, 7, 0], [18, 12, 0, 0, 0, 0], [8, 20, 0, 0, 0, 0]]
valid routes=1.0
norm-reward=0.8776175839923296
